1     3 3 4
2     3 3 4
3     2 2 5
4     3 6 1
5     5 3 2
6     4 3 3
7     3 4 3
8     4 2 4
9     4 2 4
10     3 4 3
11     5 2 2
12     3 3 4
13     2 3 5
14     5 3 2
15     2 4 3
16     3 3 4
17     2 4 4
18     5 1 4
19     3 2 4
20     3 2 5
21     3 3 4
22     2 3 5
23     3 5 2
24     3 3 3
25     4 2 4
26     3 3 2
27     3 5 2
28     4 1 5
29     4 3 3
30     2 2 4
31     5 2 3
32     4 3 1
33     2 3 4
34     2 4 4
35     4 4 1
36     4 3 3
37     4 3 2
38     1 5 3
39     3 3 3
40     4 2 4
41     1 4 4
42     4 2 2
43     3 3 3
44     2 2 2
45     3 3 4
46     3 3 3
47     5 1 3
48     2 3 3
49     5 3 2
50     5 2 3
51     4 3 3
52     1 4 3
53     3 4 3
54     2 2 3
55     4 0 6
56     3 5 2
57     3 4 3
58     3 4 3
59     4 3 3
60     4 3 2
61     5 3 2
62     2 4 4
63     1 3 2
64     3 3 4
65     3 3 4
66     4 4 2
67     3 3 3
68     4 3 3
69     3 3 4
70     2 4 4
71     4 0 4
72     4 1 3
73     5 1 4
74     3 4 2
75     2 1 3
76     5 2 2
77     3 3 3
78     3 3 2
79     2 4 4
80     2 4 4
81     2 1 5
82     3 2 4
83     3 1 3
84     3 4 3
85     3 3 3
86     2 3 4
87     2 3 5
88     4 0 2
89     2 5 3
90     2 4 4
91     3 2 1
92     4 4 2
93     4 2 4
94     4 3 2
95     4 3 3
96     4 2 4
97     4 2 4
98     3 2 3
99     3 4 3
100     3 3 2
101     2 3 3
102     3 4 3
103     3 1 4
104     3 3 4
105     2 3 2
106     3 2 2
107     3 2 4
108     3 3 3
109     2 3 3
110     3 4 3
111     2 2 5
112     3 3 3
113     4 3 3
114     3 3 4
115     4 3 3
116     2 4 2
117     4 2 2
118     2 3 2
119     2 3 2
120     4 2 3
121     4 3 3
122     4 2 4
123     4 1 5
124     2 4 3
125     6 1 3
126     2 2 5
127     4 2 4
128     2 3 5
129     3 3 4
130     2 3 2
131     2 2 3
132     4 2 3
133     2 1 3
134     3 4 3
135     4 2 3
136     3 3 4
137     3 4 3
138     2 2 4
139     3 3 4
140     3 3 4
141     4 1 5
142     4 2 4
143     4 1 4
144     3 3 4
145     2 4 4
146     2 2 3
147     4 3 3
148     3 2 2
149     3 4 3
150     3 4 2
151     4 3 3
152     3 2 3
153     2 4 4
154     2 2 3
155     4 2 4
156     2 4 4
157     3 4 2
158     3 4 2
159     4 1 4
160     3 3 4
161     2 2 3
162     3 3 4
163     4 2 3
164     4 4 2
165     3 1 4
166     3 4 1
167     2 3 3
168     1 2 3
169     3 4 3
170     4 0 4
171     3 3 2
172     5 3 2
173     4 3 2
174     3 3 4
175     3 3 3
176     6 2 2
177     3 2 5
178     4 3 2
179     3 4 3
180     3 4 2
181     2 5 3
182     3 4 3
183     3 4 3
184     3 3 2
185     3 3 4
186     4 3 3
187     4 3 3
188     2 3 3
189     2 5 3
190     3 4 3
191     4 3 3
192     5 3 2
193     4 2 3
194     4 4 2
195     4 3 2
196     2 3 1
197     4 1 4
198     3 3 3
199     3 3 3
200     3 3 3
201     5 2 3
202     4 4 2
203     5 3 2
204     3 3 1
205     3 3 4
206     3 2 5
207     4 3 3
208     2 6 2
209     4 0 5
210     2 3 5
211     2 3 3
212     3 4 3
213     3 4 3
214     4 2 4
215     4 4 2
216     5 3 2
217     2 3 4
218     1 4 2
219     5 3 2
220     4 3 2
221     2 4 3
222     3 4 3
223     4 3 3
224     2 4 3
225     2 2 4
226     4 2 3
227     4 4 2
228     4 3 3
229     5 2 3
230     3 3 4
231     2 2 5
232     4 3 3
233     4 0 6
234     3 3 4
235     5 0 1
236     3 0 4
237     3 2 5
238     3 3 4
239     2 3 3
240     2 3 5
241     2 3 4
242     2 2 2
243     4 3 3
244     4 1 3
245     2 4 4
246     3 3 3
247     2 4 4
248     2 2 2
249     4 2 2
250     2 4 4
251     3 4 3
252     5 2 3
253     2 4 4
254     5 2 3
255     2 5 3
256     4 3 2
257     2 3 4
258     3 4 3
259     1 3 3
260     3 4 2
261     4 2 4
262     4 3 3
263     3 2 4
264     2 2 6
265     6 0 4
266     4 3 3
267     3 4 3
268     4 4 2
269     3 4 3
270     2 3 5
271     3 2 5
272     3 4 3
273     3 4 3
274     3 3 4
275     3 2 4
276     3 2 4
277     4 2 3
278     2 4 4
279     3 1 5
280     4 3 3
281     3 4 3
282     3 4 3
283     4 3 3
284     4 3 2
285     4 4 2
286     2 4 2
287     2 4 4
288     3 2 2
289     4 2 2
290     2 4 4
291     3 4 3
292     4 1 5
293     2 2 4
294     2 3 4
295     3 4 3
296     4 3 3
297     3 4 2
298     4 3 2
299     3 4 2
300     2 3 4
301     4 2 4
302     3 2 5
303     4 2 2
304     3 4 2
305     3 4 3
306     3 3 4
307     5 2 3
308     5 1 4
309     3 3 3
310     3 3 3
311     3 3 2
312     5 1 4
313     3 3 3
314     4 3 3
315     3 2 2
316     4 3 1
317     4 3 3
318     2 1 3
319     3 3 3
320     2 4 4
321     2 3 4
322     3 4 2
323     2 4 4
324     3 4 3
325     2 2 4
326     2 2 4
327     4 3 2
328     4 3 3
329     5 2 2
330     3 3 4
331     4 3 3
332     2 4 2
333     4 3 3
334     4 4 2
335     3 4 3
336     4 2 4
337     3 0 4
338     4 3 3
339     3 2 5
340     4 1 3
341     2 3 5
342     3 4 2
343     2 4 4
344     3 3 3
345     2 2 5
346     5 0 4
347     4 2 3
348     3 3 4
349     4 3 3
350     4 3 3
351     3 3 4
352     3 2 5
353     1 5 2
354     4 3 3
355     4 3 3
356     4 1 5
357     2 4 4
358     4 4 2
359     4 2 4
360     4 3 2
361     2 4 4
362     4 2 3
363     5 2 2
364     4 1 4
365     3 2 3
366     2 3 4
367     3 1 3
368     4 2 4
369     3 5 2
370     3 2 4
371     3 2 4
372     2 3 5
373     2 2 3
374     5 3 2
375     4 2 3
376     2 2 3
377     2 3 3
378     3 3 4
379     2 4 2
380     3 2 2
381     6 0 4
382     2 3 2
383     3 4 3
384     3 3 4
385     4 3 3
386     4 4 2
387     2 4 2
388     3 3 4
389     4 3 3
390     4 4 2
391     3 4 3
392     2 3 5
393     4 3 3
394     3 2 3
395     4 3 3
396     2 3 2
397     2 4 4
398     4 2 4
399     4 4 2
400     4 3 3
401     3 3 4
402     3 4 1
403     3 2 3
404     4 3 3
405     3 4 3
406     2 3 5
407     2 3 2
408     5 2 3
409     4 4 1
410     2 4 3
411     3 2 5
412     3 4 2
413     2 3 3
414     2 2 4
415     4 3 3
416     2 3 3
417     3 3 4
418     2 5 3
419     2 4 4
420     2 4 4
421     3 3 2
422     4 2 4
423     3 3 4
424     1 3 4
425     4 1 4
426     5 2 3
427     5 2 3
428     4 3 3
429     2 2 3
430     3 4 3
431     4 2 4
432     3 4 3
433     2 3 2
434     3 5 2
435     3 4 3
436     1 3 3
437     3 3 4
438     3 3 4
439     3 3 3
440     4 3 3
441     2 3 5
442     4 2 4
443     2 3 2
444     4 2 4
445     2 3 5
446     3 3 4
447     2 4 4
448     3 2 4
449     4 4 2
450     2 4 3
451     3 5 2
452     2 3 3
453     3 2 3
454     4 1 4
455     2 3 3
456     3 0 5
457     3 3 3
458     2 4 4
459     5 1 4
460     3 4 3
461     3 1 4
462     5 1 2
463     3 4 3
464     2 3 4
465     4 4 2
466     2 3 3
467     4 2 2
468     3 2 5
469     2 2 2
470     4 3 3
471     4 4 2
472     3 4 2
473     2 4 3
474     3 4 3
475     5 4 1
476     3 4 3
477     3 4 3
478     3 4 3
479     2 2 4
480     5 2 3
481     3 3 4
482     2 5 3
483     4 2 4
484     3 3 4
485     3 2 5
486     4 1 2
487     3 4 2
488     3 4 3
489     3 3 4
490     5 2 1
491     3 5 2
492     3 1 5
493     3 4 3
494     2 4 2
495     3 2 2
496     2 3 4
497     3 4 3
498     4 4 2
499     3 3 3
500     3 4 2
