1     3 2 3
2     4 2 2
3     1 2 3
4     4 2 2
5     2 1 4
6     2 1 3
7     3 2 3
8     4 2 2
9     1 4 3
10     2 4 2
11     3 1 4
12     3 2 3
13     0 6 2
14     2 4 2
15     2 2 2
16     4 2 2
17     4 2 2
18     2 2 4
19     1 3 4
20     4 2 2
21     3 2 3
22     2 2 4
23     2 2 4
24     2 4 0
25     3 3 1
26     2 2 4
27     2 3 3
28     2 3 3
29     2 2 2
30     3 0 5
31     3 3 2
32     2 3 2
33     2 2 3
34     2 0 4
35     2 3 3
36     3 1 4
37     2 3 3
38     1 3 4
39     2 2 3
40     2 3 3
41     2 3 2
42     2 2 2
43     3 4 1
44     3 2 3
45     3 0 3
46     2 0 4
47     4 2 2
48     2 3 3
49     2 3 2
50     3 3 1
51     2 4 2
52     1 4 3
53     2 2 1
54     4 1 2
55     4 3 1
56     3 1 3
57     2 2 4
58     2 2 3
59     2 3 2
60     2 3 2
61     2 2 4
62     2 2 1
63     1 4 2
64     2 4 2
65     2 2 4
66     2 2 3
67     2 3 3
68     4 1 2
69     4 2 2
70     2 3 3
71     3 1 2
72     3 3 2
73     2 2 4
74     2 3 1
75     2 2 4
76     2 2 3
77     2 4 2
78     3 3 2
79     1 3 3
80     4 4 0
81     2 3 3
82     2 1 3
83     3 1 4
84     2 3 3
85     2 2 3
86     2 3 2
87     2 2 3
88     3 2 1
89     2 2 4
90     3 3 2
91     3 2 3
92     3 2 3
93     3 2 3
94     3 2 2
95     4 3 1
96     2 4 1
97     3 2 3
98     2 3 3
99     4 2 2
100     2 4 2
101     2 2 4
102     2 3 3
103     2 2 2
104     4 2 2
105     3 3 2
106     4 1 2
107     2 2 4
108     2 2 3
109     5 0 2
110     2 3 1
111     1 4 3
112     4 1 3
113     3 3 2
114     3 1 3
115     3 2 2
116     2 1 2
117     3 1 4
118     2 2 4
119     2 1 3
120     2 3 2
121     3 2 2
122     2 3 3
123     4 2 2
124     3 2 2
125     2 2 4
126     3 2 2
127     2 2 3
128     2 2 3
129     3 1 3
130     3 1 2
131     3 2 2
132     2 2 4
133     2 2 4
134     2 3 2
135     2 3 3
136     1 4 2
137     2 3 3
138     2 2 4
139     2 1 2
140     2 3 3
141     4 2 2
142     3 1 2
143     3 4 1
144     3 3 2
145     2 2 1
146     2 2 4
147     3 3 2
148     2 2 1
149     4 1 2
150     2 1 5
151     3 2 2
152     2 2 4
153     4 2 2
154     4 0 3
155     1 3 3
156     2 3 3
157     2 3 2
158     2 2 4
159     2 3 2
160     3 3 2
161     4 2 2
162     2 2 3
163     3 4 1
164     3 1 3
165     3 3 2
166     2 3 3
167     3 0 3
168     1 2 3
169     1 1 4
170     2 1 2
171     2 2 4
172     2 3 3
173     3 2 1
174     2 3 3
175     3 2 2
176     4 2 2
177     3 3 2
178     3 1 2
179     4 3 1
180     3 2 3
181     2 4 2
182     2 3 3
183     4 1 3
184     3 1 4
185     2 3 3
186     3 1 4
187     4 0 4
188     1 3 2
189     2 2 2
190     2 3 1
191     3 4 1
192     3 2 2
193     3 2 3
194     3 1 3
195     2 4 2
196     3 2 3
197     2 2 3
198     2 4 2
199     3 3 2
200     3 2 3
201     3 3 2
202     4 2 2
203     4 2 2
204     1 2 2
205     2 2 4
206     5 1 2
207     2 2 2
208     4 2 2
209     2 1 2
210     2 3 1
211     2 2 3
212     1 4 3
213     1 4 3
214     2 4 2
215     3 1 3
216     4 1 3
217     2 2 3
218     2 4 2
219     2 3 3
220     3 1 4
221     4 0 3
222     3 4 1
223     2 4 2
224     2 3 2
225     3 4 1
226     4 2 2
227     3 4 1
228     4 1 3
229     3 1 1
230     2 2 3
231     2 3 2
232     2 2 4
233     2 3 3
234     4 2 2
235     4 2 2
236     1 3 2
237     2 1 3
238     2 3 1
239     3 2 3
240     2 2 3
241     3 2 3
242     4 2 1
243     4 3 1
244     3 0 2
245     1 2 3
246     3 2 1
247     2 3 3
248     2 4 2
249     3 4 1
250     3 2 2
251     2 2 3
252     2 3 3
253     3 4 1
254     2 4 2
255     2 3 2
256     3 3 2
257     4 1 3
258     1 4 3
259     1 2 2
260     2 0 3
261     4 2 2
262     0 3 2
263     1 2 3
264     2 1 2
265     4 1 3
266     1 2 3
267     3 2 2
268     3 2 2
269     0 2 1
270     4 2 2
271     4 0 2
272     2 3 2
273     2 2 4
274     3 0 5
275     2 2 3
276     4 2 2
277     3 2 3
278     2 3 3
279     3 3 2
280     1 5 2
281     3 3 2
282     4 1 3
283     3 3 2
284     3 3 2
285     3 1 4
286     2 0 5
287     2 3 3
288     4 4 0
289     1 2 3
290     3 2 3
291     2 3 2
292     3 2 3
293     2 2 4
294     2 4 2
295     3 4 1
296     2 3 2
297     1 2 4
298     2 3 1
299     3 1 2
300     1 3 3
301     2 3 2
302     4 1 3
303     2 3 2
304     1 2 2
305     2 4 2
306     2 1 4
307     3 1 4
308     2 3 3
309     4 2 1
310     2 1 2
311     2 3 3
312     3 2 1
313     2 3 3
314     2 2 4
315     3 2 3
316     3 1 3
317     2 3 2
318     3 4 1
319     2 3 3
320     2 2 2
321     2 4 2
322     3 2 2
323     3 0 1
324     1 4 3
325     2 2 3
326     1 4 3
327     3 2 1
328     2 4 2
329     2 2 4
330     3 3 2
331     2 4 2
332     2 2 3
333     3 2 2
334     4 2 2
335     2 1 3
336     2 3 1
337     1 3 2
338     2 2 2
339     3 0 3
340     2 2 3
341     4 3 1
342     2 3 3
343     1 3 2
344     4 2 2
345     2 4 2
346     2 3 2
347     3 2 2
348     3 0 4
349     2 2 1
350     1 2 3
351     1 3 3
352     1 2 5
353     3 2 2
354     3 2 3
355     2 4 1
356     2 3 3
357     1 3 4
358     1 2 3
359     3 2 3
360     2 1 4
361     2 2 2
362     3 1 4
363     1 2 2
364     2 2 4
365     3 3 2
366     0 4 4
367     3 0 2
368     2 3 1
369     5 1 2
370     3 2 3
371     2 2 2
372     2 4 2
373     2 2 4
374     2 3 2
375     4 2 2
376     2 3 2
377     2 2 3
378     2 3 3
379     2 3 3
380     3 2 1
381     5 1 2
382     2 3 3
383     3 3 2
384     1 5 2
385     4 1 1
386     4 3 1
387     1 2 2
388     4 2 2
389     1 3 3
390     2 2 3
391     2 4 2
392     3 3 2
393     1 1 4
394     2 2 4
395     3 3 2
396     3 2 3
397     4 3 1
398     2 3 1
399     3 3 2
400     2 2 4
401     2 3 1
402     2 3 3
403     1 3 4
404     2 1 3
405     3 3 2
406     2 4 2
407     4 2 2
408     1 2 2
409     2 1 5
410     2 3 1
411     2 3 1
412     1 2 3
413     1 2 4
414     4 2 2
415     1 2 5
416     1 3 2
417     3 2 1
418     4 0 4
419     2 4 2
420     3 4 1
421     3 4 1
422     1 4 3
423     1 4 3
424     3 4 1
425     3 3 2
426     3 1 4
427     2 3 3
428     4 1 3
429     3 2 2
430     1 2 5
431     2 2 3
432     3 3 2
433     2 3 3
434     2 2 4
435     3 2 3
436     2 4 2
437     2 2 2
438     2 1 3
439     1 2 3
440     2 2 1
441     3 3 2
442     1 3 2
443     3 1 3
444     1 4 1
445     0 2 3
446     1 3 3
447     1 3 4
448     5 0 3
449     4 2 2
450     4 2 2
451     3 3 2
452     4 2 2
453     3 3 2
454     4 3 1
455     2 3 1
456     2 4 2
457     4 2 2
458     2 2 4
459     3 4 1
460     2 4 2
461     2 4 2
462     2 4 2
463     4 1 1
464     4 3 1
465     1 3 4
466     3 3 2
467     4 2 2
468     2 4 2
469     2 3 3
470     2 4 2
471     3 1 4
472     2 3 2
473     2 2 2
474     4 2 2
475     2 4 2
476     1 2 3
477     2 1 3
478     2 3 3
479     2 4 2
480     2 3 2
481     2 4 2
482     5 1 2
483     2 2 4
484     2 2 2
485     2 3 2
486     1 3 2
487     1 3 4
488     2 4 2
489     2 2 2
490     2 4 2
491     2 3 2
492     3 2 3
493     3 3 1
494     3 4 1
495     3 2 3
496     2 3 3
497     0 4 2
498     1 2 4
499     4 2 2
500     1 3 2
