1     4 2 2
2     3 2 3
3     2 4 2
4     3 2 3
5     2 2 3
6     3 1 2
7     4 2 2
8     4 1 3
9     2 2 4
10     2 4 2
11     1 3 4
12     1 3 2
13     4 1 3
14     2 3 2
15     5 1 2
16     2 2 1
17     3 1 4
18     3 1 4
19     2 3 3
20     0 4 4
21     1 3 4
22     2 2 3
23     4 1 3
24     3 1 3
25     2 2 2
26     2 2 4
27     4 2 2
28     2 3 3
29     2 2 4
30     3 4 1
31     2 2 4
32     3 1 4
33     3 0 3
34     2 2 2
35     4 2 2
36     4 3 1
37     1 4 3
38     3 2 3
39     2 2 4
40     2 3 3
41     3 3 2
42     2 1 4
43     2 1 5
44     2 3 3
45     2 3 3
46     3 2 3
47     1 3 2
48     4 2 2
49     2 2 3
50     5 0 3
51     1 4 3
52     2 1 3
53     2 2 2
54     2 1 4
55     3 1 2
56     5 1 2
57     2 2 3
58     1 2 2
59     3 3 1
60     3 3 0
61     3 2 1
62     2 2 4
63     4 1 2
64     4 2 2
65     2 2 4
66     3 3 2
67     4 0 4
68     5 1 2
69     1 3 2
70     4 0 4
71     3 2 3
72     3 2 3
73     2 2 3
74     1 1 3
75     2 1 3
76     1 2 5
77     2 3 2
78     1 4 3
79     3 3 2
80     2 4 2
81     4 4 0
82     4 2 2
83     4 2 2
84     2 3 3
85     3 1 4
86     3 2 3
87     2 3 3
88     2 4 2
89     2 2 1
90     2 4 2
91     1 3 3
92     1 4 3
93     4 1 3
94     3 1 3
95     2 3 3
96     2 1 2
97     2 3 2
98     0 3 4
99     3 2 3
100     2 3 1
101     2 4 2
102     3 3 2
103     2 2 4
104     1 3 3
105     2 3 3
106     1 4 3
107     3 2 1
108     2 3 2
109     3 3 2
110     1 3 3
111     1 4 3
112     3 3 2
113     2 1 5
114     3 2 2
115     4 0 4
116     2 2 4
117     5 0 3
118     3 2 3
119     1 1 1
120     2 3 2
121     2 4 2
122     3 3 2
123     4 0 4
124     3 3 2
125     2 3 2
126     4 4 0
127     2 2 4
128     2 2 4
129     2 4 2
130     4 3 1
131     2 2 3
132     2 4 2
133     4 2 2
134     2 2 4
135     2 2 4
136     2 2 4
137     2 2 2
138     3 3 2
139     1 6 1
140     4 1 2
141     2 3 3
142     3 3 1
143     2 4 2
144     2 3 2
145     2 3 3
146     3 2 3
147     3 3 2
148     4 2 2
149     2 3 2
150     1 4 1
151     2 2 4
152     2 3 2
153     1 4 3
154     4 2 2
155     4 2 1
156     2 3 3
157     2 3 3
158     2 4 2
159     1 2 3
160     2 2 3
161     4 2 2
162     2 2 1
163     3 2 2
164     1 3 2
165     1 2 2
166     3 2 1
167     0 1 3
168     3 3 2
169     2 1 2
170     2 3 2
171     2 2 4
172     2 2 3
173     2 3 3
174     2 2 4
175     2 3 2
176     2 2 3
177     2 1 4
178     3 3 1
179     4 1 3
180     2 2 3
181     2 1 3
182     3 3 1
183     3 2 2
184     3 3 2
185     3 2 3
186     3 1 4
187     3 1 0
188     2 3 1
189     2 2 1
190     3 2 3
191     2 2 2
192     3 3 2
193     2 3 2
194     2 2 1
195     2 4 2
196     2 3 3
197     2 2 4
198     5 1 2
199     2 1 3
200     1 3 2
201     2 4 2
202     3 2 3
203     2 2 1
204     3 3 1
205     2 2 2
206     2 3 1
207     2 2 3
208     3 2 2
209     2 4 2
210     4 2 2
211     3 3 2
212     2 2 2
213     2 4 2
214     4 2 2
215     3 3 2
216     2 2 4
217     2 4 2
218     3 2 3
219     4 2 2
220     2 4 2
221     2 2 2
222     2 2 4
223     2 2 2
224     3 2 3
225     2 2 4
226     1 2 3
227     3 2 2
228     2 1 4
229     2 2 1
230     2 3 3
231     1 3 4
232     4 2 2
233     4 1 2
234     2 2 4
235     5 2 1
236     2 2 4
237     3 2 3
238     2 2 4
239     2 3 3
240     2 2 4
241     3 1 2
242     2 2 4
243     1 3 4
244     3 3 2
245     3 4 1
246     2 4 2
247     4 2 2
248     3 3 2
249     3 1 4
250     3 3 2
251     3 2 1
252     5 1 2
253     3 2 3
254     1 2 3
255     4 2 2
256     1 2 2
257     4 1 3
258     4 2 2
259     3 2 2
260     4 2 2
261     4 1 3
262     1 1 1
263     1 3 3
264     1 3 4
265     3 0 5
266     3 3 2
267     2 4 1
268     1 3 4
269     3 3 2
270     2 1 3
271     4 0 3
272     2 3 3
273     3 3 2
274     2 2 3
275     3 2 1
276     4 2 2
277     2 4 2
278     3 2 3
279     4 2 2
280     2 4 2
281     2 1 4
282     4 2 2
283     3 3 2
284     3 2 2
285     3 0 5
286     3 3 2
287     4 2 2
288     2 4 2
289     4 1 3
290     3 3 2
291     2 2 4
292     2 2 2
293     2 2 2
294     2 3 1
295     2 3 3
296     2 4 2
297     3 4 0
298     2 3 3
299     3 2 3
300     2 1 2
301     3 3 2
302     3 3 2
303     2 3 1
304     1 4 3
305     1 4 2
306     3 2 3
307     0 3 3
308     1 2 3
309     4 2 2
310     4 1 2
311     2 2 3
312     3 3 2
313     2 0 3
314     3 3 2
315     2 4 1
316     2 2 3
317     4 1 2
318     1 3 2
319     2 3 2
320     3 2 2
321     3 0 5
322     4 1 3
323     4 2 2
324     3 4 1
325     2 3 2
326     2 2 4
327     1 3 2
328     4 3 1
329     2 2 4
330     1 2 3
331     3 2 2
332     3 3 1
333     2 1 3
334     1 2 2
335     2 3 3
336     2 3 1
337     3 3 2
338     3 2 3
339     3 3 2
340     2 4 2
341     1 3 4
342     3 3 2
343     2 1 2
344     3 3 1
345     4 4 0
346     3 1 4
347     4 2 2
348     3 2 3
349     2 2 3
350     2 2 4
351     3 1 2
352     2 3 2
353     2 3 3
354     2 2 1
355     2 4 2
356     2 2 2
357     4 2 2
358     3 3 1
359     2 4 2
360     3 3 2
361     1 5 2
362     2 2 4
363     2 4 2
364     1 3 2
365     3 2 3
366     3 4 1
367     2 0 6
368     2 4 2
369     1 3 3
370     2 4 2
371     3 2 3
372     3 1 4
373     2 2 4
374     2 3 3
375     4 3 1
376     3 1 3
377     3 1 2
378     3 4 1
379     2 2 3
380     3 1 4
381     2 2 4
382     2 3 2
383     2 4 2
384     2 3 3
385     0 5 3
386     4 2 2
387     1 4 3
388     1 3 3
389     2 3 3
390     3 3 2
391     3 1 2
392     2 3 3
393     2 2 2
394     1 3 3
395     3 1 2
396     4 3 1
397     2 2 1
398     2 2 2
399     2 2 4
400     2 3 3
401     2 2 2
402     1 3 4
403     2 2 3
404     3 3 2
405     2 2 4
406     4 0 4
407     2 4 2
408     2 4 2
409     2 2 4
410     2 4 2
411     2 2 4
412     1 3 4
413     3 3 2
414     4 2 2
415     3 4 1
416     2 2 4
417     2 2 1
418     3 2 3
419     3 2 1
420     3 3 2
421     2 4 1
422     1 3 1
423     2 2 4
424     3 3 2
425     4 2 2
426     2 2 4
427     4 2 2
428     2 3 3
429     3 4 1
430     1 3 4
431     1 4 3
432     5 1 2
433     4 2 2
434     3 2 2
435     2 4 2
436     3 1 3
437     2 2 4
438     2 4 2
439     2 3 2
440     3 2 2
441     3 3 2
442     2 3 2
443     2 2 4
444     4 2 2
445     4 2 2
446     1 4 2
447     4 3 1
448     4 2 2
449     1 4 1
450     3 2 3
451     3 2 3
452     3 2 1
453     3 1 1
454     2 3 3
455     3 2 2
456     4 0 1
457     2 4 2
458     2 1 4
459     3 1 3
460     3 0 5
461     3 2 1
462     2 3 0
463     1 4 3
464     2 3 3
465     2 3 3
466     2 2 4
467     2 4 0
468     2 4 2
469     1 3 2
470     2 1 3
471     2 4 2
472     2 2 3
473     3 2 3
474     3 1 2
475     2 3 3
476     2 4 2
477     4 1 3
478     5 0 3
479     2 2 4
480     2 3 3
481     5 1 2
482     3 0 3
483     2 2 3
484     3 3 2
485     2 3 2
486     1 3 2
487     0 3 3
488     3 2 3
489     2 3 2
490     3 2 2
491     2 2 3
492     2 2 4
493     2 1 3
494     4 3 1
495     3 0 5
496     4 2 2
497     2 4 2
498     2 4 2
499     1 3 2
500     2 4 2
