1     3 5 2
2     3 2 5
3     3 2 5
4     4 1 5
5     4 2 3
6     4 3 2
7     4 2 3
8     2 4 4
9     3 4 3
10     4 1 5
11     3 2 5
12     2 3 5
13     3 3 4
14     3 3 4
15     5 3 2
16     3 0 7
17     3 3 3
18     3 4 3
19     3 4 3
20     3 4 3
21     3 2 5
22     3 1 2
23     3 3 4
24     3 3 3
25     4 4 1
26     3 3 3
27     2 4 3
28     3 3 3
29     3 3 4
30     3 3 4
31     5 2 3
32     5 2 3
33     3 3 4
34     3 4 3
35     2 2 3
36     3 3 4
37     2 4 3
38     4 2 2
39     1 2 4
40     3 5 2
41     2 3 3
42     2 3 5
43     4 2 3
44     4 3 3
45     4 2 4
46     3 3 4
47     5 0 4
48     3 1 4
49     4 3 3
50     2 4 4
51     4 2 4
52     2 4 3
53     6 1 3
54     5 3 2
55     3 2 3
56     3 3 3
57     2 2 3
58     1 3 2
59     3 3 4
60     2 2 3
61     3 4 2
62     3 3 3
63     3 2 4
64     2 4 4
65     3 5 2
66     2 3 4
67     3 3 4
68     5 2 3
69     3 4 3
70     2 3 3
71     2 5 2
72     3 2 5
73     4 3 2
74     4 2 4
75     3 3 3
76     4 2 4
77     4 2 4
78     3 4 3
79     3 2 3
80     4 2 4
81     4 2 4
82     3 4 3
83     3 1 5
84     3 3 4
85     4 4 2
86     3 3 4
87     5 1 4
88     2 4 3
89     3 2 2
90     2 4 3
91     3 5 2
92     4 3 3
93     3 2 2
94     4 2 3
95     2 4 4
96     4 2 4
97     2 3 4
98     3 3 2
99     2 3 3
100     4 4 2
101     5 2 3
102     3 4 2
103     4 2 2
104     5 1 4
105     3 2 3
106     3 2 3
107     3 3 4
108     3 5 2
109     4 2 3
110     4 4 2
111     2 4 1
112     4 2 2
113     4 3 2
114     4 2 4
115     3 2 5
116     3 2 3
117     3 2 5
118     3 1 3
119     5 2 2
120     4 4 2
121     4 1 4
122     1 3 2
123     3 3 4
124     4 3 3
125     3 2 4
126     2 2 4
127     4 3 3
128     2 2 2
129     3 2 5
130     4 2 4
131     5 2 3
132     2 3 4
133     4 4 2
134     4 3 2
135     4 4 2
136     1 4 3
137     4 4 2
138     4 2 4
139     3 3 4
140     3 4 3
141     3 3 3
142     3 4 3
143     2 2 3
144     4 3 3
145     3 4 3
146     4 4 2
147     3 2 5
148     4 3 3
149     5 4 1
150     4 2 2
151     3 3 4
152     3 3 4
153     3 4 2
154     3 3 1
155     2 3 3
156     4 4 2
157     3 4 3
158     2 4 3
159     2 3 4
160     3 4 3
161     2 3 4
162     4 1 1
163     3 1 6
164     4 3 2
165     3 4 3
166     4 4 2
167     3 3 4
168     3 3 4
169     3 3 2
170     2 6 2
171     3 2 5
172     2 4 4
173     4 2 4
174     2 4 4
175     3 2 3
176     1 3 4
177     5 2 3
178     4 2 2
179     2 4 4
180     3 3 1
181     5 3 2
182     6 1 3
183     3 3 4
184     2 4 4
185     5 2 3
186     2 2 3
187     3 3 3
188     6 1 3
189     3 3 3
190     4 2 4
191     2 3 5
192     2 3 2
193     3 3 2
194     3 2 2
195     2 4 2
196     4 3 3
197     3 3 4
198     3 5 2
199     0 4 4
200     2 4 2
201     3 2 3
202     3 2 4
203     2 3 4
204     4 4 2
205     4 3 2
206     4 4 2
207     3 2 5
208     4 2 2
209     4 5 1
210     2 4 3
211     4 4 2
212     0 5 4
213     5 2 3
214     3 4 3
215     3 3 4
216     5 2 3
217     4 0 4
218     2 1 4
219     3 4 3
220     3 3 4
221     3 3 4
222     5 3 2
223     1 4 3
224     2 2 3
225     3 4 3
226     2 3 4
227     2 3 4
228     3 3 3
229     3 3 4
230     2 4 3
231     3 2 4
232     4 3 3
233     3 3 2
234     4 3 2
235     2 3 1
236     3 2 5
237     3 2 4
238     4 4 2
239     3 2 5
240     4 0 5
241     2 4 3
242     2 3 4
243     2 4 3
244     3 4 2
245     4 3 3
246     4 3 2
247     3 3 4
248     4 3 3
249     3 3 4
250     3 2 4
251     2 4 3
252     2 3 4
253     2 4 2
254     2 3 1
255     2 4 4
256     3 3 4
257     3 2 4
258     5 2 3
259     2 2 6
260     3 5 2
261     3 4 3
262     2 2 4
263     3 4 3
264     3 4 3
265     2 2 4
266     2 3 4
267     4 4 2
268     5 2 3
269     4 0 4
270     4 2 4
271     4 4 2
272     1 3 5
273     4 2 2
274     3 3 4
275     3 2 5
276     3 4 3
277     3 4 2
278     4 2 3
279     4 3 2
280     4 1 5
281     3 3 4
282     3 3 4
283     4 3 2
284     3 3 4
285     3 1 3
286     3 2 3
287     2 4 3
288     4 3 2
289     4 4 2
290     3 4 3
291     5 2 3
292     2 5 3
293     3 4 3
294     3 4 3
295     2 3 5
296     3 3 4
297     5 3 2
298     2 3 2
299     3 2 2
300     3 3 2
301     2 2 4
302     2 5 3
303     3 5 1
304     4 3 3
305     3 3 4
306     4 4 2
307     4 3 3
308     2 4 3
309     2 2 4
310     3 2 5
311     2 4 2
312     4 2 2
313     4 5 1
314     3 2 3
315     2 4 4
316     4 2 3
317     4 3 2
318     5 1 3
319     3 5 2
320     3 4 3
321     3 4 1
322     4 4 2
323     4 3 3
324     3 2 4
325     5 2 3
326     4 4 2
327     2 2 3
328     2 1 3
329     4 4 2
330     2 3 4
331     4 4 2
332     3 2 5
333     5 3 2
334     3 4 3
335     3 4 2
336     4 2 4
337     2 5 3
338     2 4 4
339     4 2 3
340     4 2 4
341     5 2 3
342     3 2 2
343     3 2 4
344     4 2 2
345     3 4 3
346     4 2 2
347     2 3 5
348     2 4 4
349     1 5 4
350     4 2 4
351     4 3 3
352     4 3 3
353     4 3 3
354     2 3 4
355     3 3 4
356     4 2 4
357     2 5 3
358     2 4 4
359     3 4 3
360     4 4 2
361     3 3 4
362     4 4 2
363     3 2 2
364     2 2 2
365     4 2 3
366     3 3 3
367     4 3 2
368     3 4 3
369     2 2 4
370     3 4 3
371     3 2 4
372     4 1 5
373     4 2 4
374     3 4 3
375     2 4 4
376     2 3 3
377     3 2 5
378     4 2 3
379     2 4 2
380     5 1 3
381     3 3 4
382     4 2 4
383     4 3 3
384     4 3 3
385     3 2 5
386     2 3 5
387     5 3 2
388     3 4 2
389     5 2 2
390     3 3 3
391     4 1 3
392     3 1 3
393     3 3 4
394     2 3 3
395     5 3 2
396     2 4 4
397     4 4 2
398     4 2 3
399     3 3 4
400     3 3 4
401     2 3 3
402     5 2 3
403     4 2 3
404     3 3 2
405     3 4 3
406     4 4 2
407     5 2 3
408     4 3 3
409     5 2 2
410     4 4 2
411     1 2 4
412     3 2 5
413     2 3 5
414     4 3 3
415     3 3 3
416     3 5 2
417     2 4 4
418     2 4 4
419     4 3 2
420     4 1 4
421     3 2 5
422     3 2 3
423     4 2 4
424     5 2 3
425     3 3 1
426     2 4 2
427     5 2 3
428     2 5 3
429     3 1 3
430     3 3 3
431     3 4 3
432     2 4 3
433     4 4 2
434     3 4 3
435     3 4 3
436     4 2 3
437     2 3 5
438     3 3 4
439     3 3 4
440     4 3 2
441     4 2 2
442     2 3 2
443     4 2 2
444     4 2 2
445     1 2 2
446     3 2 5
447     1 3 4
448     3 4 3
449     5 2 3
450     1 3 3
451     3 3 4
452     3 2 4
453     4 4 2
454     4 1 5
455     2 3 4
456     2 1 4
457     4 1 2
458     3 3 1
459     6 1 3
460     3 4 2
461     3 2 5
462     4 4 2
463     2 3 3
464     3 4 3
465     2 4 4
466     2 4 4
467     4 3 3
468     1 3 2
469     2 2 2
470     4 3 3
471     3 4 3
472     4 2 4
473     3 4 3
474     4 3 3
475     2 3 5
476     2 2 4
477     3 4 3
478     3 4 2
479     2 6 2
480     3 3 3
481     2 5 1
482     4 2 4
483     4 2 2
484     4 4 2
485     2 4 4
486     4 1 5
487     2 4 4
488     2 0 5
489     2 3 4
490     2 3 2
491     4 3 3
492     3 2 5
493     5 4 1
494     2 2 4
495     3 4 3
496     2 3 3
497     1 5 4
498     5 2 2
499     4 2 4
500     4 1 4
501     3 3 3
502     2 1 3
503     3 2 1
504     4 2 2
505     4 3 3
506     3 3 4
507     2 2 4
508     4 4 2
509     5 2 3
510     3 2 5
511     3 3 2
512     4 4 1
513     4 2 4
514     4 1 3
515     4 3 3
516     3 3 4
517     3 4 3
518     3 3 4
519     3 4 2
520     4 2 2
521     4 3 3
522     2 1 4
523     2 2 5
524     3 3 2
525     4 0 5
526     3 3 3
527     2 3 4
528     3 2 4
529     2 2 6
530     6 0 4
531     2 3 4
532     4 3 3
533     2 2 4
534     3 4 3
535     4 2 4
536     4 1 4
537     2 3 4
538     2 1 3
539     2 2 4
540     2 3 3
541     3 3 2
542     4 3 3
543     2 2 3
544     3 3 4
545     2 3 5
546     3 3 4
547     3 3 4
548     4 3 3
549     5 1 4
550     2 3 5
551     2 3 4
552     3 2 5
553     4 4 2
554     3 5 2
555     2 4 4
556     2 4 2
557     3 2 4
558     4 3 3
559     3 4 3
560     5 1 4
561     5 2 2
562     4 2 4
563     5 1 3
564     3 3 4
565     3 3 4
566     5 2 3
567     4 4 2
568     4 2 4
569     3 4 3
570     3 3 4
571     3 1 2
572     5 1 3
573     3 4 3
574     3 3 4
575     4 3 3
576     4 4 2
577     4 3 3
578     3 4 2
579     4 3 3
580     4 5 1
581     4 1 2
582     3 4 3
583     2 4 3
584     3 3 4
585     3 3 2
586     5 1 4
587     4 3 2
588     4 3 3
589     4 2 4
590     3 2 5
591     5 3 2
592     3 4 3
593     3 2 3
594     4 3 3
595     4 0 5
596     4 1 5
597     3 5 2
598     2 2 4
599     4 4 2
600     3 3 4
601     4 2 4
602     2 3 4
603     2 4 4
604     6 2 2
605     4 1 5
606     5 2 3
607     3 3 3
608     3 4 3
609     3 5 2
610     3 5 2
611     1 4 4
612     2 3 2
613     3 2 3
614     2 4 2
615     3 3 3
616     2 3 5
617     2 3 4
618     4 3 2
619     2 4 4
620     3 5 2
621     4 2 4
622     4 2 2
623     5 3 2
624     4 4 2
625     2 4 4
626     2 4 4
627     2 4 2
628     4 3 3
629     2 2 4
630     3 4 3
631     2 4 3
632     2 4 4
633     4 3 3
634     3 4 3
635     4 4 2
636     3 4 3
637     2 3 3
638     2 4 4
639     3 4 3
640     2 4 3
641     2 2 3
642     4 3 2
643     4 2 2
644     2 2 2
645     3 2 5
646     4 1 5
647     4 3 3
648     4 3 3
649     4 2 4
650     3 3 2
651     3 3 3
652     3 1 6
653     4 3 3
654     3 2 5
655     4 0 3
656     3 2 5
657     3 3 2
658     4 2 2
659     3 4 3
660     2 3 4
661     4 3 3
662     4 4 1
663     3 5 2
664     3 4 2
665     3 4 1
666     3 5 2
667     5 3 2
668     2 3 2
669     3 2 3
670     4 2 4
671     2 3 5
672     2 3 3
673     4 3 3
674     3 4 3
675     3 4 3
676     2 3 3
677     3 0 3
678     4 4 2
679     2 4 2
680     3 3 3
681     3 3 4
682     3 3 3
683     5 1 4
684     3 4 1
685     2 2 3
686     4 2 2
687     2 4 4
688     2 3 4
689     4 4 2
690     3 1 4
691     3 2 2
692     0 6 4
693     3 3 2
694     4 0 6
695     4 3 3
696     2 4 2
697     3 5 2
698     2 3 4
699     3 2 3
700     1 5 2
701     1 3 6
702     3 4 2
703     2 2 6
704     2 4 3
705     3 3 4
706     4 3 3
707     3 3 3
708     2 4 4
709     3 2 4
710     3 2 5
711     3 4 3
712     2 4 2
713     2 2 6
714     4 3 3
715     3 3 1
716     4 4 2
717     2 4 3
718     3 4 3
719     4 4 2
720     2 3 3
721     3 4 3
722     2 3 3
723     3 4 3
724     3 4 3
725     2 2 3
726     4 3 3
727     2 4 3
728     2 4 4
729     3 3 4
730     2 4 2
731     5 3 2
732     2 4 4
733     2 3 3
734     5 4 1
735     1 4 3
736     4 3 3
737     3 3 3
738     2 4 4
739     4 1 4
740     3 4 3
741     3 4 1
742     4 3 3
743     4 3 2
744     2 5 2
745     2 5 2
746     3 5 2
747     1 2 3
748     3 4 3
749     3 3 2
750     3 3 4
751     2 4 4
752     3 3 4
753     2 4 4
754     4 4 2
755     3 2 4
756     3 2 3
757     5 2 3
758     3 4 3
759     2 2 4
760     4 1 4
761     4 3 3
762     2 4 4
763     5 2 3
764     2 4 4
765     2 4 4
766     2 5 2
767     2 4 4
768     3 3 4
769     4 3 3
770     3 4 2
771     2 3 4
772     2 3 4
773     2 4 2
774     4 3 2
775     2 2 4
776     3 4 2
777     3 3 3
778     3 4 3
779     5 2 3
780     3 4 3
781     2 4 4
782     4 3 2
783     4 3 2
784     4 2 3
785     4 3 3
786     3 3 2
787     4 2 3
788     2 3 4
789     3 3 3
790     2 4 4
791     6 2 2
792     4 4 2
793     3 3 3
794     3 2 1
795     2 3 2
796     3 2 5
797     2 5 3
798     3 4 3
799     3 2 3
800     4 3 2
801     2 4 4
802     2 5 2
803     4 3 3
804     5 3 2
805     2 4 4
806     2 3 5
807     3 2 5
808     4 1 5
809     3 4 3
810     2 4 4
811     3 3 4
812     4 1 3
813     5 3 2
814     3 2 2
815     5 1 4
816     3 4 3
817     2 3 3
818     2 4 4
819     2 5 3
820     4 4 2
821     2 4 4
822     2 4 4
823     5 2 3
824     3 3 3
825     1 4 4
826     2 4 3
827     4 4 2
828     4 4 2
829     3 4 3
830     2 3 3
831     3 4 2
832     4 3 3
833     4 3 2
834     4 2 3
835     2 4 2
836     3 3 2
837     4 3 3
838     1 4 3
839     3 4 3
840     3 3 3
841     3 4 3
842     4 3 3
843     2 2 6
844     2 3 5
845     5 2 3
846     2 3 4
847     1 4 3
848     4 2 4
849     4 3 3
850     3 3 4
851     3 4 3
852     2 4 4
853     4 2 2
854     5 2 2
855     3 2 3
856     3 2 5
857     5 3 2
858     3 2 5
859     2 4 4
860     4 3 2
861     3 3 4
862     2 2 5
863     3 0 7
864     2 4 3
865     3 2 4
866     3 2 3
867     5 2 3
868     3 4 2
869     3 2 5
870     4 4 2
871     3 3 2
872     4 2 3
873     3 3 4
874     2 4 3
875     3 2 3
876     3 3 3
877     3 2 3
878     3 0 5
879     3 4 3
880     5 2 3
881     2 3 5
882     3 3 4
883     2 4 4
884     4 3 3
885     2 4 3
886     2 5 3
887     5 3 2
888     4 4 2
889     3 4 3
890     4 2 3
891     5 2 3
892     3 3 4
893     5 4 1
894     2 4 4
895     5 3 2
896     4 3 3
897     5 2 2
898     4 3 3
899     3 4 3
900     3 3 2
901     3 2 3
902     2 3 3
903     3 3 3
904     2 4 3
905     4 3 3
906     3 3 3
907     3 4 3
908     3 2 4
909     2 2 3
910     2 3 4
911     3 5 2
912     1 4 4
913     4 3 3
914     2 2 4
915     2 4 3
916     4 2 4
917     4 2 3
918     2 4 2
919     2 5 3
920     2 4 4
921     2 4 4
922     3 3 3
923     3 3 4
924     3 4 2
925     3 3 3
926     4 3 3
927     3 4 2
928     2 4 4
929     3 2 4
930     4 3 2
931     2 4 4
932     3 3 4
933     3 3 2
934     4 4 2
935     2 3 2
936     2 2 4
937     2 2 4
938     3 3 4
939     4 2 3
940     1 4 2
941     4 1 4
942     5 3 2
943     3 3 3
944     3 2 4
945     4 1 3
946     4 2 4
947     2 2 2
948     2 5 3
949     2 3 5
950     2 3 3
951     4 3 3
952     4 3 2
953     4 2 4
954     3 4 3
955     3 3 3
956     2 3 4
957     3 4 3
958     3 4 3
959     2 4 2
960     3 4 3
961     2 3 3
962     3 5 2
963     3 3 3
964     2 4 4
965     4 2 2
966     1 4 5
967     2 4 4
968     4 2 4
969     4 2 4
970     4 2 4
971     3 3 3
972     4 4 2
973     2 4 4
974     1 4 4
975     2 4 4
976     1 3 4
977     4 4 2
978     3 4 3
979     3 2 2
980     3 4 3
981     4 2 3
982     4 3 3
983     3 2 5
984     5 4 1
985     3 2 4
986     4 3 3
987     2 4 3
988     3 4 3
989     2 5 3
990     2 1 3
991     2 4 4
992     5 3 2
993     2 5 3
994     1 2 3
995     2 4 3
996     3 2 3
997     2 3 4
998     1 3 2
999     4 0 4
1000     2 4 4
