1     2 3 5
2     3 3 4
3     4 4 3
4     4 3 3
5     2 3 5
6     4 4 3
7     4 1 2
8     3 5 3
9     2 4 5
10     4 4 3
11     3 2 6
12     3 4 4
13     3 3 4
14     3 2 4
15     3 4 4
16     2 3 6
17     3 4 4
18     4 4 2
19     4 1 5
20     3 3 3
21     4 2 2
22     3 4 4
23     4 4 3
24     3 4 4
25     2 3 2
26     5 3 2
27     4 5 2
28     3 5 2
29     3 2 3
30     5 3 3
31     3 3 3
32     4 4 3
33     2 3 5
34     2 2 4
35     4 3 4
36     5 4 2
37     5 2 4
38     3 2 3
39     5 3 3
40     3 3 3
41     2 5 4
42     5 3 3
43     5 2 4
44     3 5 3
45     3 5 3
46     5 4 2
47     4 3 4
48     4 4 3
49     4 4 3
50     2 4 4
51     3 3 2
52     4 2 4
53     4 3 4
54     3 2 3
55     3 1 4
56     4 3 3
57     3 3 5
58     3 4 4
59     5 4 2
60     2 4 5
61     5 4 2
62     2 5 4
63     3 3 4
64     4 4 3
65     4 2 2
66     4 3 4
67     3 5 3
68     5 3 3
69     5 4 2
70     4 3 4
71     4 3 3
72     3 4 3
73     6 1 4
74     6 1 3
75     3 4 4
76     3 4 4
77     4 2 5
78     3 3 3
79     4 2 5
80     4 4 3
81     4 4 3
82     4 3 3
83     3 3 5
84     5 2 4
85     5 3 3
86     3 4 3
87     4 4 2
88     3 4 2
89     4 3 3
90     2 3 3
91     3 2 1
92     3 4 3
93     5 2 2
94     4 4 3
95     2 3 4
96     4 3 4
97     5 1 4
98     4 4 3
99     3 4 4
100     5 2 4
101     6 2 3
102     4 1 3
103     3 4 4
104     3 3 5
105     5 2 2
106     5 2 4
107     2 3 3
108     6 2 3
109     2 5 4
110     4 3 4
111     5 1 4
112     2 3 3
113     3 3 4
114     3 4 3
115     3 4 4
116     4 4 3
117     3 4 4
118     3 3 5
119     4 3 3
120     4 3 4
121     4 3 4
122     4 4 3
123     2 4 4
124     5 2 4
125     4 4 3
126     4 3 4
127     2 4 5
128     5 4 2
129     5 2 4
130     3 4 3
131     5 3 2
132     4 3 3
133     4 3 2
134     4 3 3
135     4 3 3
136     3 4 4
137     3 4 2
138     2 2 3
139     4 5 2
140     5 3 3
141     5 2 4
142     4 2 1
143     4 4 3
144     4 4 3
145     4 2 3
146     4 2 4
147     3 3 4
148     4 4 3
149     3 4 4
150     3 3 5
151     5 3 2
152     4 2 4
153     4 3 3
154     3 4 4
155     6 0 5
156     4 4 3
157     4 4 3
158     4 4 3
159     3 4 2
160     5 1 5
161     4 4 2
162     4 3 4
163     5 1 5
164     4 3 3
165     4 3 4
166     5 3 3
167     4 5 2
168     3 2 6
169     4 3 4
170     2 3 4
171     3 3 4
172     3 1 5
173     2 5 4
174     1 5 4
175     3 3 5
176     3 4 4
177     3 5 3
178     5 1 5
179     3 4 3
180     4 4 3
181     5 4 2
182     5 3 2
183     4 2 5
184     4 3 4
185     4 3 4
186     4 4 3
187     4 3 4
188     4 3 3
189     3 2 5
190     3 3 3
191     4 3 2
192     3 5 3
193     3 4 4
194     3 3 5
195     3 4 4
196     3 2 5
197     2 3 4
198     4 1 5
199     3 5 3
200     4 3 3
201     4 4 2
202     3 2 4
203     4 2 3
204     4 3 2
205     3 4 4
206     3 4 4
207     4 4 3
208     5 2 4
209     3 4 3
210     3 4 3
211     4 2 3
212     2 5 2
213     3 4 4
214     5 2 3
215     2 5 3
216     1 2 3
217     2 5 4
218     2 4 5
219     4 4 3
220     4 4 3
221     4 2 4
222     3 4 4
223     4 3 3
224     3 5 3
225     4 0 5
226     3 3 3
227     4 2 4
228     4 4 3
229     5 3 3
230     4 3 3
231     3 4 3
232     5 3 3
233     3 2 5
234     2 2 4
235     2 5 3
236     3 4 4
237     4 3 4
238     4 3 3
239     3 1 5
240     5 3 3
241     3 5 3
242     5 2 4
243     3 5 3
244     3 3 4
245     3 5 3
246     3 2 6
247     4 3 4
248     3 1 2
249     5 2 4
250     3 3 5
251     2 2 3
252     3 4 4
253     3 2 3
254     3 4 3
255     5 3 3
256     3 4 4
257     2 4 3
258     3 4 4
259     3 3 2
260     2 5 4
261     4 4 3
262     2 4 3
263     3 3 5
264     5 2 4
265     2 4 5
266     5 2 4
267     4 3 4
268     5 3 3
269     4 4 2
270     4 3 4
271     4 5 2
272     4 3 4
273     3 3 5
274     3 4 3
275     4 4 3
276     2 3 3
277     2 5 4
278     3 4 3
279     3 5 3
280     2 3 5
281     3 3 2
282     4 1 4
283     4 3 3
284     4 3 3
285     4 3 3
286     2 4 4
287     4 4 2
288     3 4 4
289     2 3 4
290     2 4 5
291     3 2 6
292     3 2 1
293     3 3 5
294     5 2 4
295     3 4 3
296     5 2 3
297     4 4 3
298     3 4 4
299     4 2 5
300     3 3 5
301     5 2 4
302     3 4 4
303     4 5 2
304     7 1 3
305     2 5 4
306     3 4 4
307     5 2 4
308     3 4 4
309     1 4 4
310     3 4 4
311     4 5 2
312     2 4 4
313     5 3 3
314     2 3 3
315     2 3 4
316     4 5 2
317     4 2 5
318     4 2 4
319     4 4 2
320     4 2 2
321     4 3 4
322     3 4 3
323     3 3 4
324     2 2 4
325     3 3 3
326     4 2 2
327     3 4 4
328     3 5 2
329     4 4 3
330     3 4 4
331     4 2 5
332     3 4 3
333     2 3 4
334     3 5 2
335     6 0 5
336     2 3 4
337     2 4 4
338     4 3 4
339     4 4 3
340     3 5 3
341     2 4 4
342     4 4 3
343     4 3 4
344     4 4 3
345     2 4 3
346     2 3 5
347     4 3 3
348     3 3 5
349     4 3 4
350     2 4 3
351     5 3 3
352     3 2 4
353     3 2 5
354     3 4 2
355     4 4 2
356     3 2 2
357     3 3 5
358     4 4 3
359     4 5 2
360     4 3 3
361     5 3 3
362     2 3 2
363     4 4 3
364     3 3 4
365     3 3 4
366     4 3 3
367     4 3 4
368     4 3 4
369     3 4 4
370     4 3 4
371     2 3 5
372     4 2 4
373     2 4 5
374     2 3 4
375     3 5 3
376     4 2 4
377     4 3 4
378     3 4 3
379     3 5 3
380     2 4 3
381     2 4 5
382     5 4 2
383     3 5 2
384     3 4 3
385     4 3 3
386     2 4 3
387     4 4 3
388     5 2 4
389     3 5 3
390     2 3 5
391     3 4 4
392     3 3 5
393     4 2 4
394     6 3 2
395     2 4 5
396     4 3 4
397     3 3 4
398     4 3 4
399     4 3 4
400     5 3 3
