1     3 1 7
2     3 4 4
3     3 5 3
4     4 3 4
5     4 2 5
6     4 3 4
7     5 5 1
8     5 2 4
9     3 6 2
10     5 5 1
11     5 4 2
12     3 0 8
13     4 3 4
14     3 6 2
15     4 3 4
16     4 3 4
17     4 4 3
18     5 0 6
19     4 4 3
20     2 5 4
21     3 2 6
22     3 5 3
23     4 3 4
24     5 1 5
25     2 9 0
26     2 2 7
27     7 1 3
28     4 3 4
29     5 4 2
30     7 2 2
31     3 4 4
32     4 4 3
33     5 3 3
34     5 3 3
35     4 2 5
36     5 1 5
37     4 1 6
38     4 2 5
39     6 3 2
40     5 1 5
41     5 3 3
42     1 6 4
43     2 5 4
44     2 5 4
45     3 5 3
46     6 2 3
47     6 3 2
48     2 5 4
49     5 1 5
50     5 4 2
51     7 2 2
52     4 3 4
53     6 3 2
54     5 2 4
55     6 2 3
56     6 3 2
57     5 3 3
58     1 5 5
59     6 1 4
60     5 5 1
61     4 4 3
62     5 3 3
63     3 7 1
64     4 4 3
65     5 3 3
66     5 4 2
67     4 3 4
68     3 3 5
69     6 4 1
70     5 3 3
71     4 4 3
72     5 6 0
73     4 2 5
74     4 2 5
75     4 7 0
76     4 3 4
77     3 4 4
78     4 5 2
79     3 5 3
80     5 1 5
81     3 5 3
82     5 2 4
83     5 3 3
84     3 4 4
85     4 2 5
86     4 5 2
87     6 0 5
88     6 3 2
89     4 3 4
90     6 4 1
91     4 3 4
92     5 3 3
93     3 7 1
94     4 2 5
95     6 3 2
96     4 4 3
97     6 2 3
98     4 4 3
99     5 3 3
100     2 5 4
101     4 3 4
102     4 4 3
103     4 5 2
104     3 5 3
105     3 4 4
106     4 4 3
107     4 6 1
108     5 4 2
109     4 3 4
110     3 4 4
111     5 2 4
112     5 3 3
113     5 5 1
114     4 4 3
115     5 4 2
116     2 7 2
117     6 3 2
118     4 2 5
119     3 3 5
120     5 3 3
121     6 4 1
122     5 2 4
123     3 6 2
124     6 2 3
125     3 4 4
126     4 4 3
127     2 4 5
128     4 3 4
129     5 3 3
130     3 2 6
131     2 3 6
132     3 6 2
133     5 4 2
134     3 3 5
135     6 2 3
136     3 5 3
137     4 2 5
138     2 4 5
139     3 3 5
140     4 3 4
141     6 4 1
142     5 2 4
143     5 4 2
144     3 3 5
145     6 2 3
146     6 4 1
147     4 1 6
148     3 7 1
149     3 4 4
150     2 5 4
151     3 4 4
152     3 4 4
153     6 2 3
154     5 2 4
155     3 3 5
156     4 3 4
157     6 0 5
158     4 4 3
159     3 5 3
160     3 4 4
161     6 3 2
162     3 4 4
163     7 2 2
164     6 2 3
165     7 2 2
166     4 5 2
167     2 4 5
168     5 5 1
169     5 5 1
170     3 2 6
171     3 3 5
172     5 4 2
173     4 4 3
174     5 4 2
175     6 2 3
176     5 3 3
177     4 2 5
178     4 4 3
179     5 3 3
180     6 3 2
181     5 2 4
182     3 5 3
183     6 4 1
184     6 2 3
185     4 5 2
186     4 7 0
187     2 6 3
188     3 5 3
189     3 4 4
190     2 4 5
191     4 4 3
192     5 2 4
193     3 4 4
194     6 2 3
195     4 4 3
196     3 5 3
197     4 5 2
198     4 3 4
199     5 3 3
200     5 3 3
201     6 3 2
202     4 5 2
203     3 3 5
204     4 7 0
205     3 6 2
206     5 3 3
207     3 6 2
208     4 2 5
209     5 0 6
210     3 6 2
211     3 4 4
212     2 3 6
213     4 3 4
214     3 6 2
215     6 3 2
216     5 2 4
217     4 1 6
218     2 3 6
219     5 2 4
220     4 2 5
221     5 5 1
222     2 6 3
223     5 3 3
224     4 4 3
225     5 2 4
226     7 2 2
227     4 4 3
228     5 4 2
229     6 3 2
230     5 2 4
231     6 4 1
232     2 1 8
233     3 2 6
234     5 4 2
235     3 2 6
236     3 3 5
237     5 2 4
238     4 3 4
239     4 1 6
240     5 3 3
241     6 2 3
242     2 5 4
243     4 4 3
244     4 2 5
245     4 6 1
246     6 2 3
247     2 6 3
248     4 6 1
249     4 4 3
250     4 3 4
251     5 3 3
252     2 4 5
253     3 5 3
254     3 4 4
255     5 2 4
256     3 5 3
257     3 3 5
258     5 5 1
259     8 2 1
260     3 4 4
261     3 2 6
262     4 3 4
263     4 2 5
264     4 1 6
265     6 4 1
266     5 2 4
267     4 4 3
268     3 6 2
269     4 4 3
270     7 1 3
271     4 5 2
272     2 3 6
273     3 7 1
274     4 3 4
275     5 0 6
276     4 3 4
277     5 4 2
278     7 3 1
279     2 4 5
280     6 3 2
281     4 2 5
282     3 5 3
283     5 1 5
284     5 4 2
285     4 4 3
286     5 4 2
287     7 1 3
288     2 7 2
289     3 3 5
290     6 3 2
291     4 3 4
292     3 2 6
293     4 3 4
294     6 1 4
295     4 4 3
296     4 1 6
297     3 4 4
298     7 3 1
299     3 4 4
300     4 4 3
301     2 4 5
302     6 5 0
303     4 3 4
304     4 6 1
305     2 3 6
306     2 7 2
307     4 5 2
308     4 2 5
309     3 5 3
310     6 5 0
311     4 2 5
312     6 4 1
313     6 3 2
314     6 2 3
315     4 3 4
316     6 2 3
317     5 3 3
318     3 6 2
319     3 4 4
320     4 4 3
321     5 2 4
322     4 4 3
323     6 2 3
324     4 2 5
325     4 4 3
326     5 4 2
327     4 5 2
328     2 5 4
329     7 1 3
330     4 4 3
331     2 5 4
332     5 2 4
333     2 5 4
334     4 6 1
335     5 4 2
336     1 6 4
337     2 5 4
338     3 4 4
339     2 3 6
340     4 3 4
341     4 5 2
342     4 4 3
343     4 0 7
344     5 2 4
345     4 5 2
346     5 6 0
347     7 2 2
348     5 2 4
349     4 3 4
350     3 5 3
351     5 2 4
352     3 5 3
353     4 4 3
354     2 4 5
355     4 1 6
356     7 1 3
357     3 6 2
358     4 5 2
359     3 4 4
360     4 5 2
361     5 3 3
362     5 3 3
363     3 6 2
364     4 5 2
365     3 4 4
366     4 4 3
367     5 2 4
368     6 2 3
369     3 3 5
370     4 4 3
371     2 6 3
372     4 2 5
373     3 5 3
374     7 2 2
375     2 5 4
376     1 5 5
377     4 3 4
378     5 1 5
379     3 5 3
380     5 4 2
381     3 5 3
382     4 3 4
383     3 6 2
384     3 4 4
385     7 1 3
386     4 3 4
387     4 4 3
388     4 5 2
389     3 5 3
390     4 3 4
391     6 3 2
392     5 3 3
393     5 4 2
394     6 4 1
395     5 3 3
396     5 6 0
397     6 2 3
398     2 4 5
399     4 4 3
400     4 5 2
401     3 6 2
402     3 5 3
403     4 1 6
404     4 3 4
405     4 3 4
406     5 0 6
407     3 6 2
408     4 4 3
409     5 4 2
410     6 2 3
411     3 4 4
412     5 2 4
413     4 4 3
414     2 4 5
415     6 2 3
416     4 2 5
417     6 1 4
418     3 3 5
419     4 2 5
420     3 5 3
421     7 1 3
422     3 3 5
423     3 4 4
424     5 3 3
425     4 4 3
426     3 4 4
427     2 6 3
428     2 3 6
429     2 6 3
430     4 5 2
431     5 3 3
432     2 5 4
433     4 5 2
434     3 3 5
435     5 1 5
436     4 3 4
437     4 6 1
438     3 4 4
439     5 4 2
440     3 2 6
441     4 3 4
442     7 0 4
443     4 3 4
444     3 3 5
445     4 3 4
446     4 4 3
447     5 4 2
448     4 3 4
449     5 3 3
450     5 4 2
451     6 1 4
452     4 4 3
453     3 2 6
454     5 5 1
455     4 2 5
456     2 3 6
457     5 5 1
458     2 6 3
459     3 5 3
460     4 2 5
461     4 4 3
462     4 6 1
463     2 3 6
464     6 2 3
465     2 4 5
466     5 2 4
467     3 3 5
468     3 1 7
469     4 5 2
470     5 3 3
471     2 5 4
472     3 4 4
473     3 5 3
474     5 1 5
475     3 4 4
476     3 4 4
477     4 4 3
478     3 6 2
479     3 5 3
480     4 2 5
481     6 3 2
482     7 3 1
483     6 1 4
484     4 4 3
485     4 4 3
486     5 4 2
487     4 4 3
488     3 3 5
489     8 1 2
490     1 5 5
491     5 4 2
492     4 4 3
493     3 5 3
494     5 3 3
495     2 3 6
496     6 2 3
497     7 3 1
498     6 3 2
499     2 4 5
500     6 2 3
501     3 4 4
502     3 4 4
503     4 3 4
504     3 5 3
505     3 5 3
506     3 3 5
507     5 4 2
508     4 5 2
509     5 1 5
510     3 4 4
511     2 3 6
512     6 2 3
513     4 4 3
514     3 4 4
515     4 4 3
516     4 3 4
517     5 2 4
518     5 3 3
519     6 4 1
520     3 6 2
521     2 6 3
522     4 5 2
523     3 4 4
524     3 5 3
525     7 1 3
526     6 2 3
527     7 2 2
528     5 2 4
529     6 3 2
530     3 3 5
531     4 3 4
532     5 3 3
533     3 4 4
534     3 4 4
535     5 2 4
536     6 1 4
537     4 3 4
538     4 2 5
539     3 4 4
540     3 3 5
541     4 2 5
542     6 2 3
543     4 4 3
544     4 3 4
545     6 3 2
546     1 5 5
547     3 4 4
548     2 6 3
549     6 3 2
550     2 4 5
551     6 4 1
552     3 4 4
553     2 5 4
554     4 4 3
555     5 3 3
556     4 1 6
557     5 4 2
558     1 6 4
559     4 2 5
560     4 3 4
561     3 5 3
562     2 5 4
563     6 3 2
564     5 3 3
565     6 1 4
566     2 8 1
567     4 3 4
568     3 6 2
569     3 4 4
570     6 1 4
571     4 5 2
572     6 2 3
573     4 5 2
574     6 5 0
575     6 2 3
576     3 5 3
577     5 3 3
578     3 6 2
579     3 3 5
580     5 2 4
581     6 4 1
582     3 3 5
583     4 3 4
584     5 0 6
585     2 7 2
586     3 5 3
587     7 3 1
588     3 3 5
589     3 4 4
590     4 5 2
591     3 5 3
592     6 3 2
593     5 4 2
594     4 5 2
595     3 6 2
596     4 3 4
597     5 2 4
598     3 5 3
599     5 3 3
600     4 4 3
601     5 3 3
602     5 1 5
603     2 5 4
604     2 4 5
605     3 6 2
606     6 4 1
607     4 4 3
608     4 4 3
609     3 5 3
610     3 6 2
611     5 5 1
612     3 7 1
613     4 4 3
614     4 3 4
615     4 4 3
616     3 3 5
617     5 2 4
618     4 3 4
619     3 2 6
620     4 3 4
621     4 4 3
622     3 3 5
623     3 4 4
624     5 2 4
625     2 2 7
626     5 3 3
627     4 4 3
628     4 1 6
629     6 3 2
630     5 6 0
631     4 3 4
632     3 4 4
633     3 7 1
634     4 5 2
635     6 4 1
636     3 6 2
637     2 5 4
638     4 5 2
639     4 5 2
640     4 3 4
641     4 6 1
642     4 5 2
643     5 4 2
644     4 4 3
645     4 4 3
646     2 5 4
647     4 5 2
648     3 3 5
649     3 3 5
650     4 3 4
651     4 2 5
652     5 3 3
653     5 2 4
654     4 4 3
655     4 3 4
656     4 2 5
657     4 4 3
658     4 5 2
659     4 2 5
660     5 1 5
661     5 2 4
662     3 5 3
663     5 4 2
664     4 3 4
665     4 4 3
666     5 3 3
667     4 5 2
668     4 3 4
669     4 5 2
670     2 6 3
671     3 2 6
672     4 4 3
673     2 6 3
674     4 2 5
675     5 3 3
676     3 2 6
677     4 1 6
678     2 5 4
679     5 5 1
680     6 3 2
681     4 3 4
682     3 6 2
683     5 2 4
684     6 3 2
685     3 5 3
686     3 5 3
687     6 2 3
688     3 4 4
689     4 4 3
690     4 4 3
691     4 1 6
692     3 3 5
693     5 4 2
694     4 4 3
695     5 4 2
696     2 5 4
697     3 2 6
698     6 3 2
699     3 4 4
700     3 4 4
701     5 1 5
702     3 5 3
703     4 5 2
704     4 4 3
705     6 2 3
706     3 5 3
707     8 2 1
708     3 3 5
709     6 2 3
710     4 5 2
711     2 3 6
712     3 5 3
713     6 4 1
714     4 4 3
715     6 3 2
716     5 2 4
717     4 7 0
718     4 3 4
719     5 5 1
720     7 2 2
721     4 2 5
722     2 4 5
723     4 3 4
724     5 2 4
725     5 5 1
726     6 4 1
727     7 3 1
728     2 5 4
729     2 4 5
730     7 3 1
731     4 3 4
732     3 5 3
733     2 5 4
734     4 4 3
735     4 6 1
736     4 2 5
737     7 1 3
738     6 4 1
739     7 2 2
740     3 3 5
741     3 5 3
742     3 2 6
743     4 3 4
744     3 4 4
745     4 3 4
746     6 4 1
747     4 6 1
748     4 4 3
749     4 3 4
750     8 1 2
751     3 4 4
752     5 3 3
753     6 3 2
754     5 3 3
755     5 6 0
756     2 6 3
757     3 3 5
758     3 2 6
759     3 5 3
760     4 3 4
761     4 4 3
762     7 2 2
763     5 3 3
764     2 6 3
765     7 2 2
766     5 2 4
767     4 4 3
768     3 4 4
769     2 6 3
770     3 5 3
771     1 5 5
772     3 2 6
773     7 1 3
774     4 1 6
775     2 2 7
776     7 1 3
777     2 6 3
778     4 3 4
779     3 6 2
780     4 3 4
781     4 4 3
782     6 1 4
783     3 5 3
784     4 3 4
785     2 3 6
786     4 3 4
787     3 4 4
788     6 1 4
789     6 2 3
790     2 4 5
791     6 4 1
792     6 1 4
793     3 3 5
794     4 5 2
795     4 3 4
796     4 5 2
797     4 4 3
798     2 6 3
799     5 1 5
800     5 3 3
801     3 5 3
802     5 3 3
803     4 2 5
804     4 5 2
805     6 2 3
806     4 5 2
807     4 6 1
808     4 2 5
809     5 4 2
810     4 3 4
811     2 6 3
812     6 3 2
813     4 1 6
814     6 1 4
815     6 1 4
816     3 2 6
817     4 4 3
818     4 4 3
819     7 2 2
820     3 5 3
821     6 3 2
822     4 4 3
823     4 2 5
824     4 4 3
825     5 2 4
826     3 4 4
827     2 4 5
828     5 4 2
829     4 4 3
830     3 5 3
831     4 3 4
832     5 3 3
833     5 6 0
834     3 6 2
835     4 3 4
836     3 5 3
837     3 5 3
838     6 4 1
839     3 2 6
840     5 0 6
841     5 2 4
842     5 2 4
843     3 5 3
844     4 3 4
845     4 4 3
846     5 2 4
847     3 3 5
848     2 5 4
849     6 2 3
850     1 4 6
851     3 5 3
852     2 4 5
853     4 4 3
854     1 4 6
855     5 4 2
856     5 3 3
857     5 3 3
858     3 3 5
859     4 5 2
860     4 2 5
861     2 5 4
862     4 6 1
863     4 4 3
864     4 1 6
865     3 8 0
866     3 4 4
867     4 2 5
868     5 5 1
869     4 6 1
870     6 3 2
871     6 1 4
872     2 5 4
873     4 4 3
874     4 4 3
875     6 3 2
876     5 3 3
877     5 3 3
878     7 1 3
879     3 4 4
880     3 5 3
881     1 6 4
882     4 3 4
883     2 5 4
884     4 5 2
885     4 3 4
886     2 4 5
887     4 2 5
888     4 3 4
889     1 5 5
890     3 3 5
891     4 4 3
892     4 4 3
893     4 2 5
894     5 3 3
895     4 3 4
896     5 4 2
897     3 4 4
898     3 5 3
899     6 4 1
900     6 3 2
901     5 3 3
902     5 1 5
903     4 2 5
904     4 3 4
905     4 3 4
906     5 1 5
907     6 4 1
908     3 2 6
909     6 1 4
910     3 3 5
911     5 4 2
912     3 4 4
913     3 4 4
914     4 7 0
915     7 2 2
916     2 2 7
917     4 7 0
918     5 1 5
919     3 2 6
920     5 3 3
921     1 5 5
922     4 4 3
923     3 1 7
924     5 0 6
925     2 4 5
926     3 3 5
927     5 3 3
928     3 5 3
929     4 2 5
930     3 4 4
931     4 2 5
932     5 4 2
933     6 1 4
934     7 2 2
935     4 2 5
936     3 6 2
937     4 3 4
938     4 5 2
939     5 3 3
940     4 2 5
941     6 3 2
942     4 2 5
943     3 2 6
944     7 2 2
945     7 2 2
946     4 2 5
947     6 2 3
948     5 4 2
949     3 4 4
950     5 3 3
951     7 3 1
952     3 3 5
953     4 3 4
954     6 0 5
955     3 4 4
956     4 4 3
957     3 4 4
958     2 6 3
959     6 2 3
960     4 7 0
961     5 5 1
962     4 2 5
963     4 6 1
964     4 4 3
965     4 5 2
966     3 6 2
967     3 3 5
968     7 1 3
969     3 4 4
970     3 5 3
971     3 4 4
972     4 3 4
973     5 3 3
974     4 4 3
975     5 3 3
976     3 6 2
977     3 4 4
978     4 3 4
979     5 4 2
980     4 2 5
981     2 5 4
982     3 7 1
983     1 6 4
984     2 6 3
985     5 3 3
986     4 6 1
987     3 3 5
988     2 5 4
989     6 3 2
990     2 5 4
991     5 3 3
992     4 4 3
993     5 4 2
994     5 3 3
995     5 5 1
996     4 5 2
997     2 6 3
998     5 2 4
999     4 4 3
1000     7 2 2
