-4.7937017848 -4.7781397 [3, 3, 4]
-4.7875766187 -4.7887954 [3, 3, 4]
-5.0339046916 -5.03056033333 [2, 2, 5]
-4.1235667446 -4.1708584 [3, 6, 1]
-4.3318778980 -4.3542759 [5, 3, 2]
-4.6304430594 -4.628616 [4, 3, 3]
-4.5049003588 -4.5456848 [3, 4, 3]
-4.8361876514 -4.8256562 [4, 2, 4]
-4.8564338907 -4.8632616 [4, 2, 4]
-4.5870252450 -4.5952135 [3, 4, 3]
-4.4200400164 -4.39862722222 [5, 2, 2]
-4.7790898872 -4.7723536 [3, 3, 4]
-4.8213776726 -4.8042046 [2, 3, 5]
-4.3862350676 -4.3807002 [5, 3, 2]
-4.5007571831 -4.50027622222 [2, 4, 3]
-4.8093994935 -4.7867631 [3, 3, 4]
-4.6341825020 -4.6268512 [2, 4, 4]
-4.7856620205 -4.7802626 [5, 1, 4]
-4.6674952510 -4.57792122222 [3, 2, 4]
-5.0544839236 -5.0627321 [3, 2, 5]
-4.7840601377 -4.7869898 [3, 3, 4]
-4.8754731708 -4.8775372 [2, 3, 5]
-4.2180669379 -4.2104433 [3, 5, 2]
-4.6516404941 -4.64442311111 [3, 3, 3]
-4.8044318496 -4.8055842 [4, 2, 4]
-4.5355422060 -4.521800125 [3, 3, 2]
-4.1713305668 -4.1686883 [3, 5, 2]
-5.0002633036 -5.0042538 [4, 1, 5]
-4.6594017077 -4.6507908 [4, 3, 3]
-4.8768305170 -4.919743375 [2, 2, 4]
-4.6576709052 -4.5943979 [5, 2, 3]
-4.1263197204 -4.106424875 [4, 3, 1]
-4.7798985737 -4.78157677778 [2, 3, 4]
-4.6672008066 -4.644491 [2, 4, 4]
-4.0585034683 -4.10285522222 [4, 4, 1]
-4.5679329763 -4.5457718 [4, 3, 3]
-4.1947917549 -4.22512577778 [4, 3, 2]
-4.4293085721 -4.45213122222 [1, 5, 3]
-4.5967174029 -4.58908422222 [3, 3, 3]
-4.7533406814 -4.6989341 [4, 2, 4]
-4.6947286391 -4.68934511111 [1, 4, 4]
-4.5175539809 -4.5251695 [4, 2, 2]
-4.6656364896 -4.66326355556 [3, 3, 3]
-4.5140586966 -4.50409816667 [2, 2, 2]
-4.7478428656 -4.76151 [3, 3, 4]
-4.6525617654 -4.64892988889 [3, 3, 3]
-4.6921271296 -4.69867266667 [5, 1, 3]
-4.6210351609 -4.625004375 [2, 3, 3]
-4.2952586554 -4.2887416 [5, 3, 2]
-4.5941400857 -4.601584 [5, 2, 3]
-4.6168836317 -4.6309725 [4, 3, 3]
-4.5327028442 -4.5671025 [1, 4, 3]
-4.5305316426 -4.524424 [3, 4, 3]
-4.8852940421 -4.845423 [2, 2, 3]
-5.1926823398 -5.1768761 [4, 0, 6]
-4.2719467140 -4.2670509 [3, 5, 2]
-4.5371175198 -4.5194107 [3, 4, 3]
-4.4490780537 -4.4221527 [3, 4, 3]
-4.6188311898 -4.6195901 [4, 3, 3]
-4.4612952025 -4.46355266667 [4, 3, 2]
-4.3583081565 -4.3023861 [5, 3, 2]
-4.7005601654 -4.6969025 [2, 4, 4]
-4.4881629856 -4.480583 [1, 3, 2]
-4.8780392607 -4.8654742 [3, 3, 4]
-4.8310942360 -4.8057186 [3, 3, 4]
-4.3796322524 -4.3613435 [4, 4, 2]
-4.6776448957 -4.68759844444 [3, 3, 3]
-4.5505410101 -4.5412412 [4, 3, 3]
-4.6389151223 -4.5842199 [3, 3, 4]
-4.6982126034 -4.6982972 [2, 4, 4]
-4.9616576892 -4.98914875 [4, 0, 4]
-4.7993867802 -4.802155375 [4, 1, 3]
-4.7903649951 -4.9402686 [5, 1, 4]
-4.4369971288 -4.43516633333 [3, 4, 2]
-5.0643202181 -5.06506433333 [2, 1, 3]
-4.4854025680 -4.47310311111 [5, 2, 2]
-4.6714678189 -4.72382388889 [3, 3, 3]
-4.5043940834 -4.515944375 [3, 3, 2]
-4.6877714490 -4.6834002 [2, 4, 4]
-4.6747938738 -4.667636 [2, 4, 4]
-5.1821042037 -5.155296875 [2, 1, 5]
-4.8692432089 -4.85037666667 [3, 2, 4]
-4.9527303025 -4.94280685714 [3, 1, 3]
-4.5920864667 -4.5894868 [3, 4, 3]
-4.6688106521 -4.65014133333 [3, 3, 3]
-4.7745761095 -4.77656533333 [2, 3, 4]
-4.8799613331 -4.8690159 [2, 3, 5]
-4.7281890006 -4.705433 [4, 0, 2]
-4.5067281710 -4.5147475 [2, 5, 3]
-4.7010514341 -4.7011003 [2, 4, 4]
-4.3409613215 -4.31453583333 [3, 2, 1]
-4.3693266739 -4.357878 [4, 4, 2]
-4.7361866679 -4.7169566 [4, 2, 4]
-4.4636562518 -4.46963866667 [4, 3, 2]
-4.6278034027 -4.6307249 [4, 3, 3]
-4.8616869565 -4.8073454 [4, 2, 4]
-4.7527770336 -4.7992694 [4, 2, 4]
-4.7086300624 -4.69093575 [3, 2, 3]
-4.5901224975 -4.5875788 [3, 4, 3]
-4.5015129866 -4.501877875 [3, 3, 2]
-4.6967522840 -4.681988875 [2, 3, 3]
-4.5656946154 -4.5577106 [3, 4, 3]
-5.0525748331 -5.068289 [3, 1, 4]
-4.6961002048 -4.6990806 [3, 3, 4]
-4.2616566303 -4.23695014286 [2, 3, 2]
-4.5745409876 -4.60749714286 [3, 2, 2]
-4.8505250378 -4.84663422222 [3, 2, 4]
-4.6694657682 -4.69131311111 [3, 3, 3]
-4.5029824400 -4.4930635 [2, 3, 3]
-4.4782487295 -4.4585584 [3, 4, 3]
-5.0645748245 -5.08265833333 [2, 2, 5]
-4.7040507214 -4.72469277778 [3, 3, 3]
-4.4940482503 -4.4814109 [4, 3, 3]
-4.7376270711 -4.7407405 [3, 3, 4]
-4.6633270914 -4.6466045 [4, 3, 3]
-4.4339171668 -4.437036375 [2, 4, 2]
-4.5672606149 -4.56696175 [4, 2, 2]
-4.5373034342 -4.510463 [2, 3, 2]
-4.5009506557 -4.53467042857 [2, 3, 2]
-4.7782520836 -4.74073833333 [4, 2, 3]
-4.5899178267 -4.5788586 [4, 3, 3]
-4.9137905995 -4.9273762 [4, 2, 4]
-5.1352300202 -5.1377016 [4, 1, 5]
-4.5445246083 -4.54105177778 [2, 4, 3]
-4.6679943287 -4.6518375 [6, 1, 3]
-5.0377968493 -5.02889044444 [2, 2, 5]
-4.8522008909 -4.889112 [4, 2, 4]
-4.8734431838 -4.8658043 [2, 3, 5]
-4.6164838657 -4.580849 [3, 3, 4]
-4.5094509047 -4.50546342857 [2, 3, 2]
-4.6599444339 -4.59901942857 [2, 2, 3]
-4.7466889725 -4.73510011111 [4, 2, 3]
-5.0371112079 -5.03925833333 [2, 1, 3]
-4.5393769333 -4.602211 [3, 4, 3]
-4.7162563597 -4.73037744444 [4, 2, 3]
-4.7638816186 -4.7815067 [3, 3, 4]
-4.5567593224 -4.5494484 [3, 4, 3]
-4.9682687040 -4.9721155 [2, 2, 4]
-4.6727260400 -4.6774258 [3, 3, 4]
-4.7712072703 -4.7703304 [3, 3, 4]
-5.1087571188 -5.1115858 [4, 1, 5]
-4.8689444324 -4.8671772 [4, 2, 4]
-4.9671561583 -4.98998077778 [4, 1, 4]
-4.7112892402 -4.71068 [3, 3, 4]
-4.6958399774 -4.6992446 [2, 4, 4]
-4.7957322758 -4.786282 [2, 2, 3]
-4.6013396082 -4.5924341 [4, 3, 3]
-4.5802629639 -4.61983542857 [3, 2, 2]
-4.5095611077 -4.5039618 [3, 4, 3]
-4.3773178977 -4.36134577778 [3, 4, 2]
-4.5746578216 -4.5679954 [4, 3, 3]
-4.8360937604 -4.852211 [3, 2, 3]
-4.6986859242 -4.7140158 [2, 4, 4]
-4.8720989568 -4.86806542857 [2, 2, 3]
-4.8249621983 -4.7980757 [4, 2, 4]
-4.6899705092 -4.6900375 [2, 4, 4]
-4.3706490371 -4.36668766667 [3, 4, 2]
-4.4517190280 -4.47015977778 [3, 4, 2]
-4.9485344856 -4.936366 [4, 1, 4]
-4.7672425602 -4.7634645 [3, 3, 4]
-4.7975836443 -4.79077871429 [2, 2, 3]
-4.7843809339 -4.7830342 [3, 3, 4]
-4.7080507754 -4.71077466667 [4, 2, 3]
-4.3043071014 -4.3130147 [4, 4, 2]
-5.0979168980 -5.11732325 [3, 1, 4]
-4.0856240057 -4.054089 [3, 4, 1]
-4.6689132419 -4.690604625 [2, 3, 3]
-4.8606996728 -4.87375 [1, 2, 3]
-4.5955961797 -4.5976163 [3, 4, 3]
-5.1508838684 -5.150733875 [4, 0, 4]
-4.4136890539 -4.414597375 [3, 3, 2]
-4.4189887156 -4.3890874 [5, 3, 2]
-4.4491437784 -4.47453844444 [4, 3, 2]
-4.7276926975 -4.7105612 [3, 3, 4]
-4.6544440710 -4.67195422222 [3, 3, 3]
-4.4064137822 -4.352262 [6, 2, 2]
-5.0088323640 -5.0008962 [3, 2, 5]
-4.4413436871 -4.43506611111 [4, 3, 2]
-4.5683175810 -4.5981872 [3, 4, 3]
-4.3536634489 -4.32964133333 [3, 4, 2]
-4.4883183182 -4.4934632 [2, 5, 3]
-4.5898590494 -4.6060789 [3, 4, 3]
-4.5725347540 -4.5473785 [3, 4, 3]
-4.4074023729 -4.410614375 [3, 3, 2]
-4.7629115890 -4.7612796 [3, 3, 4]
-4.2811271476 -4.3557635 [4, 3, 3]
-4.5961093453 -4.5930063 [4, 3, 3]
-4.6826772973 -4.683852625 [2, 3, 3]
-4.4846707371 -4.4995906 [2, 5, 3]
-4.5472708455 -4.5296194 [3, 4, 3]
-4.5412187285 -4.5291835 [4, 3, 3]
-4.3779620430 -4.3711774 [5, 3, 2]
-4.7090272326 -4.74578933333 [4, 2, 3]
-4.4084206287 -4.4093084 [4, 4, 2]
-4.4368605040 -4.44961822222 [4, 3, 2]
-4.2998673621 -4.31578766667 [2, 3, 1]
-4.7960497799 -4.80702466667 [4, 1, 4]
-4.6684962624 -4.66823544444 [3, 3, 3]
-4.6169268608 -4.61424422222 [3, 3, 3]
-4.5861579895 -4.56468777778 [3, 3, 3]
-4.7148006564 -4.7125074 [5, 2, 3]
-4.3868171511 -4.3878394 [4, 4, 2]
-4.3818618481 -4.368341 [5, 3, 2]
-4.2300822551 -4.24252457143 [3, 3, 1]
-4.7235432168 -4.7168877 [3, 3, 4]
-5.0118798004 -5.0032651 [3, 2, 5]
-4.4617323733 -4.5007102 [4, 3, 3]
-4.2671335182 -4.2657517 [2, 6, 2]
-5.2643343471 -5.26943522222 [4, 0, 5]
-4.9288592931 -4.9580056 [2, 3, 5]
-4.6692550781 -4.679725875 [2, 3, 3]
-4.5389731437 -4.5382204 [3, 4, 3]
-4.6114640614 -4.6124564 [3, 4, 3]
-4.7971388776 -4.7874534 [4, 2, 4]
-4.3168220851 -4.2976474 [4, 4, 2]
-4.4580407266 -4.4424839 [5, 3, 2]
-4.8138842083 -4.81378844444 [2, 3, 4]
-4.3734976152 -4.38923485714 [1, 4, 2]
-4.3552909859 -4.3757929 [5, 3, 2]
-4.4415300884 -4.44278955556 [4, 3, 2]
-4.6125435330 -4.61305922222 [2, 4, 3]
-4.5776785781 -4.5743247 [3, 4, 3]
-4.6440895889 -4.6569403 [4, 3, 3]
-4.5667084989 -4.54632088889 [2, 4, 3]
-4.9254317242 -4.917468125 [2, 2, 4]
-4.6766613969 -4.68237333333 [4, 2, 3]
-4.3593979896 -4.3386269 [4, 4, 2]
-4.6404140592 -4.6601542 [4, 3, 3]
-4.6280943496 -4.6265724 [5, 2, 3]
-4.6918173412 -4.6848449 [3, 3, 4]
-4.9956856686 -4.99893922222 [2, 2, 5]
-4.6831382527 -4.6887357 [4, 3, 3]
-5.1828286673 -5.1155033 [4, 0, 6]
-4.7097204743 -4.7062836 [3, 3, 4]
-4.1979158427 -4.20440233333 [5, 0, 1]
-5.2495193937 -5.24360828571 [3, 0, 4]
-4.9558324795 -4.9379556 [3, 2, 5]
-4.7510024039 -4.7519134 [3, 3, 4]
-4.6093674646 -4.6056385 [2, 3, 3]
-4.8673103633 -4.8605429 [2, 3, 5]
-4.8207545598 -4.827666 [2, 3, 4]
-4.6858114341 -4.689368 [2, 2, 2]
-4.5136435221 -4.4910808 [4, 3, 3]
-4.8286189924 -4.8264055 [4, 1, 3]
-4.6055757300 -4.591233 [2, 4, 4]
-4.6865415348 -4.68855544444 [3, 3, 3]
-4.6453978111 -4.6523766 [2, 4, 4]
-4.7093826416 -4.7601035 [2, 2, 2]
-4.5396531537 -4.515980125 [4, 2, 2]
-4.7164225152 -4.6922056 [2, 4, 4]
-4.5247349050 -4.52164 [3, 4, 3]
-4.6373929656 -4.6015912 [5, 2, 3]
-4.7066324875 -4.710464 [2, 4, 4]
-4.6951472181 -4.7030039 [5, 2, 3]
-4.4756232523 -4.4845643 [2, 5, 3]
-4.5100170321 -4.49923422222 [4, 3, 2]
-4.7466499515 -4.74532355556 [2, 3, 4]
-4.5687453491 -4.5601158 [3, 4, 3]
-4.6820259544 -4.68780028571 [1, 3, 3]
-4.4166284265 -4.42378111111 [3, 4, 2]
-4.7694178954 -4.8156311 [4, 2, 4]
-4.6098109671 -4.6144305 [4, 3, 3]
-4.7543774684 -4.71118933333 [3, 2, 4]
-5.1199156288 -5.1154657 [2, 2, 6]
-4.9093847653 -4.8838596 [6, 0, 4]
-4.6082447496 -4.5858275 [4, 3, 3]
-4.5392311240 -4.5268389 [3, 4, 3]
-4.1860490411 -4.1766537 [4, 4, 2]
-4.5998466789 -4.6066666 [3, 4, 3]
-4.8360028057 -4.8350942 [2, 3, 5]
-5.0468937854 -5.0525462 [3, 2, 5]
-4.4606576358 -4.4490868 [3, 4, 3]
-4.5829873254 -4.5812428 [3, 4, 3]
-4.8275716395 -4.8230406 [3, 3, 4]
-4.9268007085 -4.93756022222 [3, 2, 4]
-4.9459507889 -4.93990455556 [3, 2, 4]
-4.7019851565 -4.70922255556 [4, 2, 3]
-4.6465509821 -4.631743 [2, 4, 4]
-5.1515002250 -5.15627144444 [3, 1, 5]
-4.5854648187 -4.5784892 [4, 3, 3]
-4.5291024343 -4.5407683 [3, 4, 3]
-4.5294269470 -4.5402996 [3, 4, 3]
-4.6181804358 -4.6193291 [4, 3, 3]
-4.3109201157 -4.38535266667 [4, 3, 2]
-4.3438726495 -4.3723624 [4, 4, 2]
-4.4578810215 -4.4507645 [2, 4, 2]
-4.6733031729 -4.6753675 [2, 4, 4]
-4.6720827975 -4.67418685714 [3, 2, 2]
-4.5153344384 -4.51386625 [4, 2, 2]
-4.6658952240 -4.6416463 [2, 4, 4]
-4.5389003034 -4.5097213 [3, 4, 3]
-5.0970688359 -5.0709924 [4, 1, 5]
-4.9100817014 -4.942514125 [2, 2, 4]
-4.7637592446 -4.76231822222 [2, 3, 4]
-4.5527656129 -4.5439282 [3, 4, 3]
-4.5827620804 -4.5667419 [4, 3, 3]
-4.4376636718 -4.43808444444 [3, 4, 2]
-4.4370277699 -4.42093255556 [4, 3, 2]
-4.3826956679 -4.38950122222 [3, 4, 2]
-4.7626980130 -4.76742922222 [2, 3, 4]
-4.8275634120 -4.8293115 [4, 2, 4]
-4.9840709913 -4.989208 [3, 2, 5]
-4.4729430914 -4.433065 [4, 2, 2]
-4.3721638058 -4.376525 [3, 4, 2]
-4.5500843009 -4.5378488 [3, 4, 3]
-4.7788410064 -4.7892415 [3, 3, 4]
-4.6052142054 -4.679037 [5, 2, 3]
-4.8249652664 -4.8070945 [5, 1, 4]
-4.5567292707 -4.58445644444 [3, 3, 3]
-4.5446729066 -4.564879 [3, 3, 3]
-4.4087543736 -4.427916375 [3, 3, 2]
-4.7829353008 -4.7539012 [5, 1, 4]
-4.6250809616 -4.60646244444 [3, 3, 3]
-4.6250819797 -4.6305797 [4, 3, 3]
-4.6142817071 -4.61586657143 [3, 2, 2]
-4.1792850727 -4.190078 [4, 3, 1]
-4.5503683716 -4.5263667 [4, 3, 3]
-5.0096642803 -5.01190216667 [2, 1, 3]
-4.5927082883 -4.58795466667 [3, 3, 3]
-4.6754496595 -4.6678484 [2, 4, 4]
-4.8277454463 -4.81455066667 [2, 3, 4]
-4.4176938133 -4.41290644444 [3, 4, 2]
-4.5987934405 -4.6033113 [2, 4, 4]
-4.5713408475 -4.5821507 [3, 4, 3]
-4.9758423099 -4.97795075 [2, 2, 4]
-4.9307055129 -4.938127875 [2, 2, 4]
-4.4062422256 -4.40750266667 [4, 3, 2]
-4.4872689533 -4.4833586 [4, 3, 3]
-4.4774029793 -4.43238444444 [5, 2, 2]
-4.6930349939 -4.6799122 [3, 3, 4]
-4.6318819835 -4.6105325 [4, 3, 3]
-4.4277631978 -4.424923625 [2, 4, 2]
-4.5482836568 -4.5514157 [4, 3, 3]
-4.2698877745 -4.2727101 [4, 4, 2]
-4.5251166978 -4.5084204 [3, 4, 3]
-4.8777441310 -4.8606163 [4, 2, 4]
-5.1857022388 -5.156428 [3, 0, 4]
-4.5769177232 -4.5744166 [4, 3, 3]
-4.9831498367 -4.9817899 [3, 2, 5]
-4.7638527119 -4.751704125 [4, 1, 3]
-4.8224369454 -4.811633 [2, 3, 5]
-4.3922198058 -4.422682 [3, 4, 2]
-4.6543400359 -4.6612058 [2, 4, 4]
-4.7042772503 -4.70218066667 [3, 3, 3]
-5.0222600647 -5.04658233333 [2, 2, 5]
-5.0721008360 -5.06326144444 [5, 0, 4]
-4.7158983743 -4.725669 [4, 2, 3]
-4.7749700423 -4.7990971 [3, 3, 4]
-4.5506290631 -4.6770568 [4, 3, 3]
-4.6259278570 -4.6168666 [4, 3, 3]
-4.7682270716 -4.7768573 [3, 3, 4]
-4.9830479969 -4.9673323 [3, 2, 5]
-4.1868811318 -4.187812375 [1, 5, 2]
-4.6569273272 -4.6541606 [4, 3, 3]
-4.6196409153 -4.5754316 [4, 3, 3]
-5.0992354489 -5.0904669 [4, 1, 5]
-4.6996466303 -4.7081661 [2, 4, 4]
-4.4349482481 -4.4459747 [4, 4, 2]
-4.8980232660 -4.8945443 [4, 2, 4]
-4.4174235629 -4.42192566667 [4, 3, 2]
-4.6584331495 -4.6521283 [2, 4, 4]
-4.7228052718 -4.68161877778 [4, 2, 3]
-4.4956812213 -4.46871377778 [5, 2, 2]
-4.9518498495 -4.98200733333 [4, 1, 4]
-4.6032437018 -4.608224 [3, 2, 3]
-4.7522327928 -4.763459 [2, 3, 4]
-4.9315129228 -4.97489957143 [3, 1, 3]
-4.8212156378 -4.8119063 [4, 2, 4]
-4.2331969529 -4.2279939 [3, 5, 2]
-4.8907194224 -4.89949555556 [3, 2, 4]
-4.8973640269 -4.92278855556 [3, 2, 4]
-4.8866665485 -4.8991764 [2, 3, 5]
-4.8206185744 -4.79221928571 [2, 2, 3]
-4.2386779754 -4.2119232 [5, 3, 2]
-4.6327562664 -4.62952088889 [4, 2, 3]
-4.8157220930 -4.813843 [2, 2, 3]
-4.7116216176 -4.706445625 [2, 3, 3]
-4.8066171191 -4.8136896 [3, 3, 4]
-4.3998677123 -4.399936875 [2, 4, 2]
-4.5745571124 -4.58412385714 [3, 2, 2]
-4.8994285930 -4.8668144 [6, 0, 4]
-4.5367439680 -4.53255742857 [2, 3, 2]
-4.5642190152 -4.5629703 [3, 4, 3]
-4.6935012098 -4.6819599 [3, 3, 4]
-4.5737530116 -4.5764748 [4, 3, 3]
-4.3366234320 -4.3591629 [4, 4, 2]
-4.4943982118 -4.451335125 [2, 4, 2]
-4.7575044314 -4.7516971 [3, 3, 4]
-4.4666687734 -4.440561 [4, 3, 3]
-4.3612361054 -4.3736194 [4, 4, 2]
-4.5512911142 -4.5324012 [3, 4, 3]
-4.9076332738 -4.9061632 [2, 3, 5]
-4.6174511591 -4.662746 [4, 3, 3]
-4.7330575072 -4.82833275 [3, 2, 3]
-4.4851332116 -4.4776815 [4, 3, 3]
-4.5637627249 -4.542775 [2, 3, 2]
-4.6842782717 -4.695682 [2, 4, 4]
-4.8686868372 -4.8740228 [4, 2, 4]
-4.3718841646 -4.3748567 [4, 4, 2]
-4.6041871380 -4.5923078 [4, 3, 3]
-4.7597839732 -4.7476094 [3, 3, 4]
-4.2501023383 -4.22972525 [3, 4, 1]
-4.8500480928 -4.843602375 [3, 2, 3]
-4.6507544504 -4.6687029 [4, 3, 3]
-4.5782278674 -4.5898818 [3, 4, 3]
-4.9004521976 -4.903795 [2, 3, 5]
-4.4869873212 -4.47868571429 [2, 3, 2]
-4.5850214454 -4.5848304 [5, 2, 3]
-4.2313606900 -4.24092711111 [4, 4, 1]
-4.5071641621 -4.500354 [2, 4, 3]
-5.0156675395 -5.0156546 [3, 2, 5]
-4.3648123923 -4.36154522222 [3, 4, 2]
-4.6353262631 -4.631468875 [2, 3, 3]
-4.9084727253 -4.891805375 [2, 2, 4]
-4.5411699144 -4.57166 [4, 3, 3]
-4.7036596045 -4.70438675 [2, 3, 3]
-4.7670713723 -4.7721525 [3, 3, 4]
-4.4742758184 -4.4717161 [2, 5, 3]
-4.7029298164 -4.702266 [2, 4, 4]
-4.6574155006 -4.6455284 [2, 4, 4]
-4.5210064154 -4.52575175 [3, 3, 2]
-4.8819386232 -4.9093591 [4, 2, 4]
-4.6018337890 -4.5177648 [3, 3, 4]
-4.7730969894 -4.7679 [1, 3, 4]
-5.0734583517 -5.07088544444 [4, 1, 4]
-4.6856632187 -4.6762326 [5, 2, 3]
-4.6477209989 -4.5975918 [5, 2, 3]
-4.5904983073 -4.6139845 [4, 3, 3]
-4.7485962329 -4.74218614286 [2, 2, 3]
-4.5057611991 -4.498425 [3, 4, 3]
-4.8217262767 -4.8101588 [4, 2, 4]
-4.5836736784 -4.580688 [3, 4, 3]
-4.2704765901 -4.23268514286 [2, 3, 2]
-4.3555783106 -4.3434832 [3, 5, 2]
-4.4954890288 -4.4809395 [3, 4, 3]
-4.6846606111 -4.70742557143 [1, 3, 3]
-4.7644878535 -4.7676423 [3, 3, 4]
-4.7828436479 -4.7883499 [3, 3, 4]
-4.6092247991 -4.58238866667 [3, 3, 3]
-4.6685090355 -4.6657634 [4, 3, 3]
-4.8893332846 -4.8793226 [2, 3, 5]
-4.7857892677 -4.7958309 [4, 2, 4]
-4.2942761256 -4.32449757143 [2, 3, 2]
-4.8699182850 -4.8643803 [4, 2, 4]
-4.8992042133 -4.8840029 [2, 3, 5]
-4.6955771420 -4.6896684 [3, 3, 4]
-4.6783008689 -4.6803552 [2, 4, 4]
-4.8912265774 -4.87786055556 [3, 2, 4]
-4.2825401720 -4.262317 [4, 4, 2]
-4.5678603965 -4.57653055556 [2, 4, 3]
-4.3827737945 -4.380523 [3, 5, 2]
-4.6573720095 -4.66859 [2, 3, 3]
-4.7721400245 -4.76832675 [3, 2, 3]
-5.0099780016 -5.02637011111 [4, 1, 4]
-4.6230618664 -4.6205605 [2, 3, 3]
-5.3239404587 -5.325825375 [3, 0, 5]
-4.6546755831 -4.65981966667 [3, 3, 3]
-4.6763096978 -4.6889265 [2, 4, 4]
-4.8555769272 -4.8275924 [5, 1, 4]
-4.5792258002 -4.5763138 [3, 4, 3]
-5.1536899808 -5.145156125 [3, 1, 4]
-4.5060624346 -4.477844375 [5, 1, 2]
-4.5562866905 -4.5446707 [3, 4, 3]
-4.8332497271 -4.82714355556 [2, 3, 4]
-4.3807887330 -4.3758272 [4, 4, 2]
-4.6895118445 -4.673635375 [2, 3, 3]
-4.4917702764 -4.457208 [4, 2, 2]
-5.0035034562 -4.9957135 [3, 2, 5]
-4.6817282084 -4.69717183333 [2, 2, 2]
-4.6553514888 -4.6507899 [4, 3, 3]
-4.3359212966 -4.3301245 [4, 4, 2]
-4.3797680279 -4.36278577778 [3, 4, 2]
-4.5994620887 -4.59098677778 [2, 4, 3]
-4.5458381510 -4.5256415 [3, 4, 3]
-4.0878587312 -4.06458 [5, 4, 1]
-4.5004425035 -4.4554906 [3, 4, 3]
-4.4848398773 -4.4964764 [3, 4, 3]
-4.5211344784 -4.5054584 [3, 4, 3]
-4.9423821829 -4.95576525 [2, 2, 4]
-4.6280136736 -4.6409787 [5, 2, 3]
-4.7712847596 -4.7924448 [3, 3, 4]
-4.4686539861 -4.4717502 [2, 5, 3]
-4.8661736586 -4.8766197 [4, 2, 4]
-4.6798620368 -4.6780047 [3, 3, 4]
-4.9959692219 -4.9943518 [3, 2, 5]
-4.6399295347 -4.61764085714 [4, 1, 2]
-4.4166268242 -4.418582 [3, 4, 2]
-4.5046781441 -4.4764565 [3, 4, 3]
-4.7501236251 -4.7469704 [3, 3, 4]
-4.2063895690 -4.158657 [5, 2, 1]
-4.3388158655 -4.3444485 [3, 5, 2]
-5.1064518440 -5.09388811111 [3, 1, 5]
-4.5527067560 -4.5611346 [3, 4, 3]
-4.3883468341 -4.3917205 [2, 4, 2]
-4.6260047404 -4.59723114286 [3, 2, 2]
-4.8131043985 -4.82412555556 [2, 3, 4]
-4.5540284609 -4.5537688 [3, 4, 3]
-4.2945196370 -4.2553955 [4, 4, 2]
-4.6591692782 -4.69751744444 [3, 3, 3]
-4.3704658329 -4.38419733333 [3, 4, 2]
