1     3 3 3
2     5 3 3
3     4 4 3
4     3 3 4
5     4 2 3
6     2 4 5
7     3 2 4
8     6 1 4
9     6 1 4
10     4 3 4
11     3 2 4
12     4 4 3
13     3 4 4
14     3 4 3
15     2 4 5
16     6 0 4
17     4 5 2
18     5 3 3
19     3 4 4
20     4 2 5
21     4 2 3
22     2 5 3
23     3 2 6
24     5 2 4
25     4 6 1
26     3 4 3
27     4 3 2
28     4 3 4
29     3 4 3
30     2 4 4
31     5 3 2
32     4 4 2
33     1 4 6
34     4 2 5
35     3 3 4
36     3 3 5
37     4 4 3
38     3 4 3
39     3 4 4
40     4 4 3
41     3 1 4
42     5 2 4
43     2 5 4
44     3 3 3
45     4 3 3
46     4 3 4
47     3 3 5
48     3 3 2
49     4 3 4
50     4 2 5
51     4 2 5
52     2 4 5
53     2 5 4
54     2 2 3
55     2 5 3
56     3 4 4
57     4 3 3
58     3 3 4
59     2 5 4
60     3 2 6
61     3 3 4
62     3 3 5
63     5 3 3
64     3 1 6
65     4 3 4
66     4 4 3
67     3 0 6
68     2 3 2
69     5 1 5
70     2 4 4
71     3 1 3
72     3 4 4
73     2 3 3
74     1 5 3
75     2 5 4
76     5 4 2
77     3 2 6
78     4 3 4
79     3 5 3
80     4 3 3
81     3 4 3
82     4 4 3
83     6 2 3
84     3 3 5
85     3 3 5
86     4 2 4
87     4 3 4
88     4 2 4
89     4 2 5
90     5 2 4
91     4 3 4
92     4 4 3
93     3 1 3
94     3 4 4
95     3 6 2
96     3 2 5
97     4 2 4
98     3 2 6
99     4 4 3
100     3 4 4
101     3 4 4
102     3 3 4
103     4 3 4
104     4 3 4
105     2 3 3
106     2 3 4
107     3 5 3
108     2 4 4
109     5 2 4
110     2 1 3
111     4 4 3
112     4 4 3
113     5 3 3
114     5 2 4
115     3 4 4
116     4 3 4
117     3 2 4
118     5 2 3
119     4 3 4
120     3 4 3
121     3 3 4
122     3 4 4
123     3 4 3
124     5 4 2
125     3 3 3
126     1 2 5
127     5 2 3
128     5 3 3
129     2 3 5
130     3 1 4
131     2 5 3
132     5 3 3
133     5 4 2
134     2 3 2
135     3 4 3
136     2 3 6
137     4 6 1
138     4 2 5
139     5 3 3
140     2 4 4
141     3 4 4
142     4 1 5
143     4 3 3
144     3 3 3
145     3 4 4
146     2 4 5
147     4 1 4
148     3 4 3
149     3 5 3
150     4 4 2
151     3 4 3
152     3 4 4
153     2 5 4
154     4 2 5
155     3 4 4
156     4 5 2
157     4 4 3
158     3 3 4
159     2 4 4
160     5 5 1
161     5 2 2
162     4 5 2
163     4 3 3
164     3 2 4
165     5 2 4
166     5 2 3
167     5 2 3
168     3 5 2
169     4 3 4
170     6 3 2
171     3 4 3
172     2 5 3
173     3 4 3
174     3 3 3
175     5 3 3
176     2 4 3
177     3 3 4
178     4 2 3
179     4 2 4
180     3 3 5
181     3 4 4
182     3 3 3
183     4 3 3
184     4 2 4
185     6 2 3
186     4 3 2
187     3 2 3
188     5 2 3
189     3 4 4
190     2 4 4
191     3 4 4
192     5 3 3
193     5 2 3
194     4 2 4
195     3 1 7
196     6 2 3
197     3 5 2
198     2 3 5
199     2 3 2
200     4 4 3
201     3 5 3
202     3 2 4
203     3 4 4
204     4 2 2
205     3 3 2
206     3 4 2
207     3 4 4
208     4 2 5
209     4 2 2
210     4 4 3
211     4 3 4
212     4 4 1
213     3 3 4
214     6 2 3
215     3 5 3
216     4 2 4
217     3 5 3
218     2 3 6
219     4 3 3
220     3 3 5
221     4 4 3
222     3 5 3
223     2 4 4
224     3 3 5
225     4 2 4
226     2 4 4
227     2 3 4
228     3 2 5
229     3 3 4
230     4 3 4
231     3 2 6
232     3 2 3
233     5 2 4
234     4 4 3
235     5 3 3
236     3 3 4
237     4 3 4
238     2 5 4
239     6 3 2
240     2 3 4
241     3 4 3
242     4 2 5
243     3 5 3
244     3 5 3
245     3 2 2
246     5 2 4
247     3 3 4
248     5 4 2
249     2 6 3
250     3 3 4
251     3 3 4
252     4 4 3
253     3 4 4
254     4 4 2
255     3 2 4
256     3 2 5
257     3 4 4
258     3 3 4
259     2 5 4
260     3 5 3
261     4 3 2
262     3 5 3
263     3 1 4
264     3 3 4
265     3 5 3
266     3 0 5
267     4 2 3
268     3 3 2
269     4 4 2
270     3 5 3
271     5 5 1
272     4 4 3
273     4 2 5
274     3 5 3
275     4 3 3
276     5 2 4
277     3 3 5
278     5 2 3
279     3 4 2
280     4 1 3
281     4 4 3
282     3 2 3
283     5 3 3
284     5 4 2
285     3 2 4
286     4 3 4
287     5 4 2
288     3 4 4
289     4 4 3
290     3 5 3
291     3 3 5
292     4 1 4
293     3 3 4
294     6 1 4
295     4 4 2
296     2 4 2
297     2 4 2
298     2 4 4
299     5 2 4
300     2 4 4
301     4 0 5
302     5 2 3
303     4 1 5
304     4 3 2
305     3 4 3
306     4 3 2
307     6 1 4
308     4 4 3
309     2 4 5
310     4 4 3
311     3 5 3
312     2 3 4
313     4 3 3
314     4 3 4
315     3 5 3
316     5 3 3
317     4 2 5
318     4 4 3
319     4 3 4
320     4 3 2
321     6 2 2
322     3 4 4
323     2 4 4
324     3 3 3
325     5 2 2
326     2 3 4
327     5 2 4
328     3 2 2
329     3 5 3
330     2 4 4
331     4 4 3
332     3 4 4
333     5 3 3
334     3 2 3
335     4 4 3
336     4 4 2
337     4 3 4
338     4 2 5
339     2 4 4
340     3 3 3
341     5 3 3
342     3 4 2
343     2 6 3
344     3 4 3
345     4 5 2
346     3 5 3
347     4 4 3
348     4 2 4
349     4 2 4
350     4 4 3
351     2 5 3
352     5 4 2
353     4 4 0
354     3 5 3
355     3 4 4
356     5 3 3
357     3 4 4
358     4 3 4
359     2 3 3
360     3 4 2
361     4 2 2
362     4 3 3
363     4 4 3
364     3 5 3
365     5 3 3
366     4 2 5
367     3 2 4
368     6 1 4
369     2 4 2
370     4 4 3
371     3 4 4
372     3 3 4
373     2 2 5
374     4 4 3
375     2 3 4
376     3 4 4
377     3 3 4
378     1 3 4
379     3 3 2
380     3 5 2
381     5 2 4
382     3 4 4
383     3 2 5
384     4 2 5
385     4 5 2
386     2 4 3
387     2 4 4
388     2 4 3
389     3 4 3
390     3 5 3
391     5 2 4
392     5 4 2
393     4 4 3
394     3 4 3
395     3 3 3
396     3 5 3
397     3 4 3
398     2 2 6
399     4 3 4
400     2 3 2
401     2 4 3
402     4 1 6
403     2 3 3
404     5 2 4
405     4 4 2
406     3 5 2
407     4 1 3
408     2 5 4
409     4 2 5
410     5 2 4
411     3 3 4
412     3 2 5
413     2 1 3
414     3 3 4
415     3 3 4
416     3 4 4
417     1 3 4
418     6 2 3
419     4 3 4
420     3 4 2
421     2 3 4
422     3 2 4
423     4 3 4
424     2 5 4
425     4 4 1
426     5 2 1
427     4 4 3
428     3 5 3
429     5 2 2
430     2 4 4
431     4 2 5
432     2 4 3
433     4 3 3
434     4 3 3
435     4 2 4
436     3 5 3
437     5 1 4
438     2 5 4
439     4 4 3
440     3 4 2
441     4 4 3
442     3 4 3
443     2 4 4
444     2 5 3
445     3 2 5
446     2 4 4
447     6 1 4
448     4 3 4
449     3 3 4
450     2 4 5
451     3 4 3
452     2 2 5
453     5 3 3
454     5 3 3
455     4 4 3
456     4 4 2
457     5 3 3
458     3 5 3
459     3 4 4
460     5 2 3
461     2 3 5
462     3 2 1
463     3 4 3
464     2 5 4
465     3 3 4
466     3 3 4
467     5 2 3
468     3 3 5
469     4 4 3
470     3 3 5
471     4 2 5
472     5 4 2
473     4 3 4
474     4 3 3
475     3 4 4
476     3 4 4
477     2 5 4
478     4 2 5
479     3 5 2
480     3 3 4
481     3 2 6
482     3 3 3
483     3 3 4
484     2 2 4
485     3 4 3
486     2 5 3
487     3 5 2
488     4 2 2
489     4 4 3
490     2 5 3
491     5 2 2
492     4 2 4
493     4 2 5
494     5 2 4
495     3 4 4
496     4 3 3
497     4 2 5
498     5 1 5
499     5 2 3
500     2 4 4
501     4 1 4
502     3 4 1
503     4 5 2
504     3 5 3
505     4 1 4
506     4 4 3
507     3 4 3
508     4 5 2
509     4 3 4
510     2 4 3
511     5 2 2
512     4 4 3
513     3 5 3
514     4 3 4
515     2 3 4
516     4 4 3
517     3 3 5
518     2 2 3
519     5 2 3
520     4 2 2
521     2 4 5
522     5 2 3
523     4 3 4
524     3 4 4
525     5 2 4
526     2 3 4
527     5 3 3
528     4 3 3
529     2 4 4
530     4 2 4
531     3 3 4
532     4 5 2
533     5 3 3
534     3 4 2
535     4 3 2
536     5 3 3
537     5 3 3
538     3 2 5
539     4 2 4
540     5 4 1
541     4 4 3
542     2 4 4
543     4 2 4
544     5 4 2
545     4 3 2
546     4 2 1
547     3 2 5
548     4 2 5
549     1 4 4
550     5 2 2
551     3 2 3
552     3 4 3
553     2 2 3
554     3 4 4
555     5 3 3
556     4 2 5
557     3 5 3
558     2 3 3
559     4 3 4
560     5 3 3
561     4 3 4
562     5 3 3
563     3 4 2
564     3 4 4
565     4 3 3
566     2 4 2
567     2 3 3
568     2 4 3
569     2 2 2
570     3 3 4
571     6 2 3
572     3 2 4
573     4 4 3
574     3 3 5
575     4 4 3
576     4 4 3
577     4 3 4
578     5 4 2
579     5 3 2
580     3 3 5
581     4 3 3
582     5 2 4
583     4 3 4
584     4 4 3
585     2 3 3
586     4 2 4
587     3 4 4
588     3 4 3
589     2 2 2
590     3 3 2
591     2 4 3
592     3 3 5
593     4 4 3
594     4 2 4
595     4 2 3
596     4 3 4
597     2 4 4
598     4 3 3
599     3 2 5
600     4 1 6
601     2 3 2
602     2 4 5
603     4 3 4
604     3 3 2
605     3 2 2
606     5 2 4
607     3 3 4
608     5 2 3
609     3 3 2
610     2 5 2
611     5 0 4
612     5 2 3
613     3 4 4
614     5 3 3
615     3 3 5
616     3 5 3
617     4 3 3
618     4 1 2
619     3 4 4
620     4 5 2
621     4 3 4
622     4 4 2
623     4 4 3
624     4 4 2
625     5 4 2
626     3 4 4
627     4 4 2
628     3 2 4
629     5 2 3
630     4 4 3
631     5 3 3
632     3 3 3
633     3 3 5
634     3 5 3
635     3 5 3
636     3 2 4
637     3 5 3
638     4 2 4
639     3 4 4
640     3 4 3
641     2 3 2
642     4 4 3
643     4 4 3
644     3 3 4
645     3 4 4
646     6 1 4
647     3 4 3
648     4 3 2
649     3 4 3
650     4 4 2
651     4 2 5
652     3 2 3
653     3 2 3
654     3 3 4
655     3 3 3
656     4 2 5
657     3 4 4
658     3 5 3
659     3 5 3
660     4 2 2
661     2 2 3
662     4 5 2
663     3 4 4
664     3 4 4
665     2 4 2
666     6 3 2
667     2 4 5
668     5 2 4
669     4 2 2
670     7 1 3
671     3 5 2
672     2 5 4
673     3 3 5
674     4 4 2
675     5 2 4
676     3 3 3
677     2 4 4
678     5 4 2
679     3 4 4
680     3 3 5
681     3 4 3
682     4 0 4
683     6 2 3
684     4 2 3
685     2 4 3
686     3 4 3
687     3 4 4
688     4 4 3
689     3 4 3
690     2 5 2
691     2 4 5
692     2 5 2
693     5 3 2
694     4 4 3
695     4 5 2
696     2 3 5
697     2 2 5
698     3 4 1
699     3 2 6
700     2 3 4
701     3 4 4
702     3 4 4
703     4 2 5
704     5 3 2
705     2 2 5
706     4 4 3
707     2 4 4
708     3 5 3
709     4 2 4
710     4 2 3
711     4 2 3
712     5 3 3
713     4 4 3
714     5 3 3
715     3 5 2
716     2 2 3
717     5 3 3
718     3 3 4
719     4 4 3
720     3 2 2
721     4 4 3
722     4 4 3
723     3 4 4
724     3 2 5
725     4 3 4
726     4 4 3
727     2 4 5
728     4 4 3
729     5 2 4
730     3 4 2
731     4 4 2
732     5 1 4
733     4 4 2
734     4 4 3
735     5 4 2
736     4 2 5
737     3 3 4
738     4 2 4
739     5 2 4
740     1 4 4
741     4 3 3
742     3 3 5
743     5 2 4
744     3 2 4
745     2 3 4
746     4 4 3
747     3 3 5
748     4 3 3
749     3 5 2
750     3 2 6
751     2 3 4
752     5 4 2
753     4 3 3
754     5 1 5
755     3 4 4
756     3 3 5
757     4 4 3
758     3 3 3
759     3 5 3
760     4 4 3
761     6 3 2
762     3 5 3
763     3 5 3
764     4 1 6
765     3 4 2
766     4 2 4
767     4 2 5
768     3 5 3
769     2 4 3
770     3 4 3
771     4 3 2
772     2 3 4
773     3 5 3
774     4 4 3
775     5 3 3
776     4 4 2
777     3 2 4
778     3 4 4
779     4 3 3
780     3 3 4
781     4 4 3
782     4 2 4
783     2 2 3
784     3 2 5
785     2 4 4
786     2 5 4
787     2 3 5
788     4 3 4
789     2 4 4
790     3 4 2
791     4 3 2
792     4 4 2
793     3 4 4
794     2 5 4
795     3 4 4
796     5 2 4
797     5 3 3
798     3 5 3
799     2 4 3
800     3 5 3
801     4 4 3
802     4 4 2
803     3 4 3
804     3 4 4
805     3 4 2
806     6 2 3
807     4 2 4
808     3 3 3
809     3 3 2
810     4 3 3
811     4 4 3
812     4 2 3
813     3 4 4
814     4 3 4
815     4 4 2
816     3 4 4
817     3 3 5
818     3 4 4
819     3 4 4
820     2 5 4
821     3 3 5
822     3 3 2
823     3 3 3
824     3 4 3
825     3 2 6
826     4 3 4
827     4 3 2
828     3 3 4
829     2 5 1
830     5 3 2
831     3 5 2
832     4 2 4
833     1 4 3
834     4 3 3
835     4 4 3
836     3 5 3
837     5 4 2
838     2 3 4
839     5 2 3
840     5 3 3
841     6 1 4
842     3 4 2
843     2 5 3
844     3 2 4
845     4 5 2
846     3 4 4
847     4 4 3
848     3 4 2
849     3 3 3
850     4 3 2
851     3 2 6
852     4 3 2
853     5 3 3
854     3 2 5
855     4 2 5
856     2 4 4
857     2 3 3
858     3 3 4
859     3 2 3
860     4 2 3
861     4 4 3
862     2 4 5
863     2 3 3
864     3 4 2
865     2 4 4
866     4 3 2
867     4 4 3
868     2 4 3
869     2 4 4
870     3 3 4
871     3 4 3
872     6 2 3
873     3 2 4
874     3 4 3
875     3 4 3
876     3 3 4
877     3 5 3
878     2 4 4
879     5 4 2
880     3 4 3
881     2 3 5
882     3 3 4
883     4 4 3
884     3 4 3
885     3 3 5
886     6 3 2
887     3 2 5
888     5 4 2
889     4 3 3
890     3 2 3
891     3 5 2
892     5 3 3
893     2 4 2
894     1 4 2
895     3 3 4
896     1 4 4
897     4 3 3
898     4 2 4
899     0 4 4
900     0 3 4
901     2 3 3
902     3 5 3
903     3 3 2
904     3 3 3
905     6 2 3
906     4 5 2
907     4 2 4
908     5 3 3
909     3 3 5
910     4 3 3
911     3 5 3
912     2 1 4
913     3 3 4
914     1 2 3
915     2 3 2
916     2 3 5
917     2 3 6
918     4 3 4
919     5 2 4
920     4 2 5
921     4 4 3
922     3 5 3
923     1 4 1
924     4 2 3
925     3 2 5
926     5 4 2
927     5 2 4
928     5 2 3
929     4 5 2
930     3 3 5
931     4 4 3
932     4 4 3
933     2 3 6
934     3 4 4
935     6 2 3
936     2 5 3
937     3 4 3
938     4 2 4
939     3 4 4
940     3 2 5
941     3 2 6
942     3 3 3
943     4 3 4
944     2 5 4
945     2 4 3
946     5 2 4
947     4 2 4
948     2 4 1
949     2 3 3
950     3 5 3
951     2 4 3
952     4 5 2
953     5 3 3
954     4 2 5
955     2 5 2
956     3 3 4
957     2 3 4
958     3 2 5
959     3 4 3
960     5 2 4
961     4 2 5
962     3 4 2
963     4 4 2
964     3 4 4
965     3 2 5
966     4 4 2
967     2 4 5
968     4 3 4
969     4 2 5
970     4 4 3
971     4 3 3
972     3 5 3
973     2 4 4
974     3 3 5
975     2 4 3
976     2 2 4
977     4 2 2
978     2 5 4
979     2 4 5
980     3 5 3
981     3 4 3
982     4 4 3
983     5 3 3
984     4 4 2
985     3 4 4
986     5 2 3
987     4 3 4
988     4 1 4
989     2 5 4
990     4 4 3
991     3 4 3
992     4 3 3
993     3 4 3
994     3 4 3
995     5 2 4
996     3 4 2
997     3 3 3
998     3 4 3
999     2 4 2
1000     4 4 3
1001     3 4 4
1002     4 4 2
1003     1 2 3
1004     5 3 3
1005     3 4 3
1006     7 0 4
1007     2 4 3
1008     2 4 2
1009     4 3 3
1010     2 4 4
1011     3 3 5
1012     2 4 2
1013     3 5 3
1014     3 3 2
1015     4 4 3
1016     5 3 2
1017     4 3 4
1018     4 2 5
1019     2 5 4
1020     3 4 3
1021     4 2 2
1022     5 2 4
1023     3 4 3
1024     3 5 3
1025     3 4 3
1026     4 2 5
1027     4 2 5
1028     5 1 5
1029     4 2 4
1030     5 4 2
1031     3 3 5
1032     5 2 4
1033     2 5 4
1034     4 3 2
1035     4 3 3
1036     4 4 2
1037     2 5 4
1038     4 3 3
1039     4 3 2
1040     4 2 3
1041     4 5 2
1042     4 4 3
1043     3 2 4
1044     4 4 3
1045     6 3 2
1046     3 4 3
1047     4 4 3
1048     4 3 4
1049     4 3 4
1050     4 2 3
1051     4 3 4
1052     2 5 3
1053     3 4 3
1054     3 3 4
1055     2 4 3
1056     2 4 2
1057     3 3 5
1058     3 5 3
1059     2 4 3
1060     2 4 4
1061     5 4 2
1062     3 4 3
1063     3 3 5
1064     4 4 3
1065     3 2 6
1066     2 3 3
1067     4 4 3
1068     3 3 3
1069     2 6 3
1070     4 3 4
1071     5 3 3
1072     2 2 4
1073     3 4 4
1074     2 5 3
1075     2 2 4
1076     5 1 3
1077     3 2 5
1078     5 4 2
1079     3 2 5
1080     4 4 2
1081     5 2 4
1082     2 4 4
1083     4 2 5
1084     4 4 2
1085     3 3 4
1086     4 4 3
1087     2 3 2
1088     3 3 5
1089     3 2 2
1090     4 5 2
1091     3 4 4
1092     5 2 3
1093     3 5 3
1094     2 5 4
1095     3 5 3
1096     3 2 5
1097     3 4 2
1098     3 4 2
1099     5 3 3
1100     4 2 5
1101     3 2 5
1102     4 4 3
1103     2 3 5
1104     5 3 2
1105     3 3 5
1106     2 5 4
1107     3 3 4
1108     3 2 5
1109     4 3 3
1110     4 5 2
1111     3 3 3
1112     3 3 2
1113     4 3 3
1114     3 2 5
1115     4 2 3
1116     2 5 3
1117     3 2 5
1118     4 3 3
1119     2 4 3
1120     3 3 4
1121     3 3 5
1122     4 3 4
1123     3 3 1
1124     6 2 3
1125     3 3 3
1126     5 2 4
1127     2 3 4
1128     3 4 4
1129     4 3 4
1130     4 1 5
1131     1 6 3
1132     3 5 3
1133     4 5 2
1134     4 4 2
1135     4 2 2
1136     3 4 3
1137     4 4 3
1138     3 4 4
1139     2 4 4
1140     5 2 2
1141     4 3 2
1142     3 3 5
1143     4 5 2
1144     2 3 3
1145     3 4 4
1146     5 2 1
1147     3 5 3
1148     3 5 2
1149     2 3 5
1150     3 4 4
1151     3 4 3
1152     4 4 3
1153     4 3 3
1154     5 3 3
1155     5 4 2
1156     3 4 2
1157     4 4 2
1158     3 4 4
1159     3 3 5
1160     2 5 3
1161     2 3 3
1162     3 4 4
1163     4 2 4
1164     3 4 3
1165     5 1 2
1166     1 3 4
1167     3 5 3
1168     2 4 4
1169     2 2 5
1170     3 3 5
1171     2 3 4
1172     3 5 3
1173     4 2 4
1174     1 5 3
1175     3 4 4
1176     2 3 5
1177     3 4 4
1178     1 3 3
1179     4 2 4
1180     3 1 4
1181     3 5 3
1182     4 3 2
1183     3 4 4
1184     3 3 4
1185     5 4 2
1186     3 4 3
1187     2 4 4
1188     3 3 2
1189     3 2 4
1190     2 5 3
1191     2 5 4
1192     2 3 4
1193     4 3 2
1194     4 2 5
1195     4 3 3
1196     4 2 5
1197     6 2 3
1198     2 4 4
1199     5 4 2
1200     5 3 3
1201     4 3 4
1202     3 5 3
1203     3 5 3
1204     2 5 3
1205     4 5 2
1206     4 4 3
1207     2 2 4
1208     2 4 4
1209     2 3 6
1210     5 4 2
1211     2 4 5
1212     2 5 3
1213     2 5 3
1214     4 3 3
1215     2 5 3
1216     4 3 4
1217     2 4 3
1218     4 1 5
1219     3 4 3
1220     3 4 4
1221     3 3 4
1222     4 2 5
1223     4 2 4
1224     5 3 3
1225     3 5 2
1226     3 3 2
1227     3 2 3
1228     4 5 2
1229     2 5 2
1230     5 2 4
1231     4 3 2
1232     3 4 3
1233     3 4 4
1234     3 4 2
1235     3 4 4
1236     4 4 2
1237     2 4 4
1238     5 2 3
1239     4 3 4
1240     6 2 2
1241     2 3 4
1242     2 4 5
1243     3 5 2
1244     3 3 5
1245     5 3 3
1246     4 4 3
1247     5 4 2
1248     2 3 3
1249     4 3 3
1250     5 3 3
1251     4 4 2
1252     2 3 2
1253     4 2 5
1254     3 3 4
1255     4 2 3
1256     4 4 2
1257     5 3 3
1258     3 4 3
1259     2 4 4
1260     5 1 4
1261     4 4 3
1262     3 3 5
1263     3 4 4
1264     4 4 3
1265     3 4 4
1266     3 3 5
1267     2 4 2
1268     4 2 4
1269     4 1 5
1270     4 5 2
1271     3 5 3
1272     4 3 4
1273     4 4 2
1274     4 4 3
1275     2 4 2
1276     4 4 3
1277     2 4 3
1278     3 3 5
1279     5 2 4
1280     6 3 2
1281     2 5 3
1282     3 3 4
1283     5 4 2
1284     4 2 5
1285     2 3 5
1286     3 2 1
1287     2 4 4
1288     4 3 3
1289     5 3 3
1290     5 3 3
1291     3 5 2
1292     3 3 5
1293     2 4 5
1294     1 5 4
1295     3 1 2
1296     4 3 2
1297     6 3 2
1298     3 3 2
1299     5 2 4
1300     4 2 5
1301     3 4 4
1302     5 4 2
1303     4 5 2
1304     3 2 5
1305     2 3 5
1306     3 3 4
1307     3 2 3
1308     4 4 2
1309     4 3 3
1310     3 4 4
1311     2 3 1
1312     5 2 4
1313     3 4 3
1314     4 3 3
1315     3 3 5
1316     3 2 3
1317     4 4 2
1318     4 4 3
1319     3 1 2
1320     4 4 2
1321     1 2 3
1322     4 2 4
1323     5 3 3
1324     4 4 2
1325     4 4 3
1326     2 6 2
1327     4 4 2
1328     4 4 2
1329     3 2 5
1330     5 2 4
1331     4 4 2
1332     3 4 2
1333     2 4 3
1334     3 2 6
1335     3 4 3
1336     5 0 4
1337     4 3 3
1338     3 2 5
1339     3 5 3
1340     4 3 4
1341     2 4 3
1342     4 3 4
1343     2 3 4
1344     2 3 2
1345     2 3 4
1346     2 2 6
1347     3 2 2
1348     3 3 4
1349     2 5 3
1350     3 2 3
1351     3 4 4
1352     4 5 2
1353     4 3 4
1354     4 1 4
1355     3 2 3
1356     3 4 4
1357     4 3 4
1358     3 3 4
1359     2 4 5
1360     3 5 3
1361     3 4 2
1362     4 4 2
1363     5 2 4
1364     4 4 3
1365     3 4 4
1366     2 5 4
1367     4 2 3
1368     3 5 3
1369     3 3 3
1370     5 2 3
1371     2 3 3
1372     5 3 3
1373     4 4 3
1374     4 4 3
1375     5 2 3
1376     3 4 4
1377     3 2 2
1378     3 4 4
1379     5 4 2
1380     2 4 3
1381     4 3 4
1382     5 4 2
1383     4 3 3
1384     3 4 4
1385     4 3 4
1386     4 3 2
1387     4 3 4
1388     4 3 2
1389     3 5 3
1390     4 2 5
1391     5 3 3
1392     5 2 4
1393     3 5 3
1394     5 2 3
1395     2 4 4
1396     3 4 4
1397     3 4 2
1398     3 2 2
1399     5 3 3
1400     4 3 3
1401     3 4 4
1402     5 3 3
1403     4 3 3
1404     2 2 5
1405     3 2 5
1406     4 4 3
1407     3 5 2
1408     3 3 2
1409     3 3 4
1410     4 4 1
1411     3 2 5
1412     3 4 3
1413     4 4 3
1414     3 3 3
1415     5 2 3
1416     1 2 3
1417     5 4 2
1418     1 3 4
1419     3 5 3
1420     1 3 2
1421     5 2 3
1422     3 2 3
1423     5 2 4
1424     4 3 4
1425     5 1 5
1426     5 2 4
1427     2 5 4
1428     3 2 3
1429     3 3 3
1430     1 6 3
1431     3 3 4
1432     3 2 6
1433     4 4 3
1434     2 4 4
1435     4 5 2
1436     3 4 3
1437     4 4 2
1438     2 5 2
1439     3 4 3
1440     5 3 3
1441     3 3 3
1442     2 4 4
1443     3 2 4
1444     4 4 3
1445     1 3 3
1446     2 3 3
1447     4 3 3
1448     3 4 4
1449     3 4 3
1450     2 3 6
1451     4 5 2
1452     2 3 4
1453     4 2 4
1454     5 4 1
1455     4 2 4
1456     4 1 3
1457     4 2 4
1458     3 4 3
1459     2 3 2
1460     5 2 3
1461     4 3 3
1462     2 5 2
1463     3 5 2
1464     4 4 2
1465     2 5 3
1466     3 4 4
1467     2 5 4
1468     2 3 5
1469     2 5 3
1470     3 4 2
1471     3 4 3
1472     2 4 4
1473     4 3 3
1474     6 2 3
1475     4 3 4
1476     2 4 2
1477     2 2 4
1478     3 5 2
1479     3 3 5
1480     3 4 4
1481     3 3 3
1482     3 0 4
1483     3 3 5
1484     2 3 2
1485     4 3 2
1486     2 4 3
1487     3 5 3
1488     3 4 4
1489     3 4 3
1490     3 4 4
1491     5 2 3
1492     4 4 2
1493     2 4 3
1494     3 4 1
1495     1 4 4
1496     2 2 3
1497     3 2 2
1498     3 4 2
1499     2 4 2
1500     3 3 3
