1     4 3 3
2     4 3 4
3     4 2 5
4     4 3 4
5     4 0 3
6     3 4 2
7     4 3 3
8     3 4 4
9     4 3 4
10     3 2 6
11     3 3 4
12     5 2 4
13     3 3 4
14     2 4 4
15     3 3 4
16     3 4 3
17     4 2 4
18     2 4 3
19     5 2 4
20     4 0 7
21     4 4 3
22     3 6 2
23     3 4 4
24     4 4 3
25     4 4 3
26     6 2 2
27     3 2 3
28     5 3 3
29     4 2 5
30     4 3 3
31     3 3 5
32     4 4 3
33     3 4 3
34     5 2 3
35     3 0 3
36     4 3 3
37     3 3 4
38     3 4 4
39     6 0 5
40     4 1 4
41     4 4 3
42     3 2 4
43     4 3 4
44     3 2 6
45     4 3 4
46     3 4 4
47     3 2 3
48     4 1 6
49     4 3 4
50     3 5 3
51     4 4 3
52     4 4 3
53     4 4 2
54     3 3 2
55     4 1 5
56     3 2 4
57     3 2 5
58     6 1 4
59     4 4 2
60     5 3 3
61     3 4 2
62     4 2 4
63     6 3 2
64     2 5 4
65     4 3 3
66     5 4 2
67     3 4 3
68     4 2 4
69     3 4 4
70     5 4 2
71     6 2 3
72     5 3 3
73     3 2 5
74     2 3 6
75     5 3 3
76     2 3 3
77     4 4 3
78     5 2 4
79     4 4 3
80     4 3 4
81     2 4 5
82     5 2 4
83     3 5 3
84     4 4 3
85     4 2 3
86     4 5 2
87     4 4 3
88     4 5 2
89     5 2 4
90     3 3 2
91     5 5 1
92     4 4 3
93     5 3 3
94     3 3 3
95     3 3 3
96     3 3 5
97     3 3 4
98     4 2 5
99     4 4 3
100     5 2 3
101     4 3 2
102     5 2 4
103     4 4 3
104     3 2 5
105     4 2 4
106     4 3 3
107     4 3 3
108     3 3 5
109     3 5 3
110     4 3 4
111     3 4 4
112     3 4 2
113     3 4 4
114     2 6 3
115     2 5 4
116     3 3 4
117     1 4 4
118     2 5 4
119     5 4 2
120     2 2 3
121     4 3 2
122     4 3 3
123     4 4 3
124     3 3 5
125     3 4 4
126     5 3 3
127     2 4 4
128     4 5 2
129     2 4 5
130     4 3 3
131     4 2 4
132     5 2 4
133     4 3 4
134     3 1 5
135     3 4 4
136     5 1 3
137     3 4 4
138     3 3 3
139     3 3 4
140     3 2 6
141     4 4 2
142     5 3 3
143     3 3 4
144     2 5 3
145     3 5 3
146     4 4 3
147     2 2 5
148     4 4 2
149     4 4 3
150     3 4 3
151     2 4 3
152     2 5 4
153     3 2 6
154     6 2 3
155     5 3 3
156     4 3 4
157     3 3 4
158     3 4 4
159     2 2 3
160     4 3 3
161     3 4 4
162     3 4 4
163     6 2 3
164     2 3 3
165     2 2 4
166     4 4 3
167     2 4 4
168     2 5 4
169     4 3 2
170     4 3 3
171     4 3 3
172     3 2 4
173     2 3 5
174     3 5 0
175     5 2 4
176     3 3 4
177     3 5 3
178     2 4 5
179     2 4 4
180     2 5 3
181     2 5 3
182     5 2 4
183     5 3 3
184     4 3 4
185     2 4 5
186     5 3 3
187     2 4 4
188     4 3 4
189     3 2 2
190     4 4 2
191     2 3 5
192     4 4 3
193     4 4 3
194     2 5 4
195     3 2 3
196     3 6 2
197     4 4 2
198     3 3 5
199     4 2 4
200     3 4 4
201     4 3 2
202     4 2 5
203     3 3 4
204     3 3 5
205     4 3 4
206     4 2 4
207     4 3 4
208     3 5 3
209     4 2 5
210     4 3 4
211     4 4 3
212     5 2 3
213     2 5 3
214     2 5 2
215     5 3 2
216     3 5 2
217     3 3 4
218     3 3 4
219     3 4 4
220     3 2 6
221     3 4 4
222     3 4 4
223     2 3 3
224     4 3 4
225     4 5 2
226     3 3 3
227     3 4 3
228     4 2 5
229     4 3 4
230     3 3 4
231     4 3 2
232     3 2 2
233     3 5 3
234     4 4 2
235     5 3 3
236     4 2 5
237     3 3 4
238     5 3 3
239     4 2 5
240     3 3 5
241     4 5 2
242     3 3 3
243     3 5 3
244     4 3 3
245     2 3 4
246     4 3 3
247     4 3 2
248     3 5 2
249     2 4 4
250     5 2 4
251     5 2 4
252     3 5 3
253     4 4 3
254     3 4 3
255     5 3 3
256     3 4 3
257     4 4 3
258     3 5 3
259     5 3 2
260     2 4 4
261     3 4 4
262     2 5 3
263     4 4 3
264     4 5 2
265     4 2 4
266     5 4 2
267     4 3 4
268     3 3 4
269     4 2 4
270     3 4 4
271     4 3 4
272     3 3 5
273     2 3 5
274     2 5 3
275     3 2 4
276     0 3 4
277     3 4 4
278     3 4 4
279     3 3 4
280     3 5 3
281     4 0 7
282     3 4 4
283     4 4 3
284     4 3 4
285     4 2 5
286     4 3 4
287     2 2 3
288     5 2 4
289     3 3 5
290     3 3 2
291     3 4 4
292     2 5 3
293     5 4 2
294     3 4 4
295     4 2 5
296     5 1 5
297     4 4 3
298     3 5 3
299     5 3 3
300     3 3 3
301     4 4 3
302     2 4 3
303     2 2 3
304     4 3 2
305     4 2 3
306     4 1 4
307     3 3 4
308     4 3 3
309     3 3 5
310     2 5 3
311     4 2 4
312     4 4 2
313     3 3 5
314     5 1 3
315     2 1 4
316     3 4 4
317     2 3 3
318     5 4 2
319     5 4 2
320     4 4 3
321     2 4 2
322     2 5 4
323     3 4 4
324     4 3 4
325     3 4 3
326     4 4 3
327     4 3 1
328     4 5 2
329     3 3 3
330     4 2 4
331     3 3 5
332     5 4 2
333     3 4 4
334     2 4 2
335     3 5 3
336     2 4 5
337     3 4 4
338     4 3 4
339     3 4 4
340     4 3 4
341     4 4 2
342     2 5 4
343     6 1 3
344     4 3 3
345     3 2 3
346     3 1 6
347     3 5 3
348     5 2 3
349     4 4 3
350     3 4 4
351     5 3 3
352     5 2 4
353     4 5 2
354     3 5 3
355     4 4 2
356     3 2 5
357     4 4 3
358     5 2 4
359     5 2 4
360     3 2 6
361     2 3 5
362     3 5 2
363     4 2 5
364     5 2 4
365     3 4 2
366     4 2 5
367     2 4 3
368     4 5 2
369     4 2 3
370     2 3 5
371     4 3 2
372     2 4 3
373     4 4 1
374     3 4 4
375     3 2 6
376     4 4 3
377     2 3 5
378     5 3 3
379     2 4 4
380     2 3 6
381     2 4 3
382     4 4 3
383     4 2 4
384     3 4 4
385     2 4 4
386     2 4 4
387     2 4 4
388     3 2 4
389     3 4 2
390     3 4 3
391     4 4 2
392     4 3 3
393     3 2 3
394     2 4 3
395     3 3 5
396     4 2 5
397     5 1 5
398     3 5 3
399     3 4 3
400     4 4 3
401     2 3 5
402     5 3 2
403     3 5 3
404     2 4 2
405     6 4 1
406     3 4 3
407     5 2 3
408     3 3 5
409     4 3 4
410     2 5 4
411     6 3 2
412     6 1 4
413     5 3 3
414     2 3 2
415     4 3 3
416     4 2 4
417     4 4 2
418     3 5 3
419     5 3 3
420     4 2 5
421     5 3 3
422     4 5 2
423     5 2 4
424     3 4 4
425     5 3 3
426     3 4 3
427     3 4 4
428     2 5 4
429     4 4 3
430     5 3 3
431     2 5 4
432     5 1 4
433     2 4 3
434     3 3 5
435     4 4 3
436     2 3 4
437     2 4 2
438     3 3 5
439     3 3 5
440     4 3 4
441     3 2 3
442     2 4 5
443     2 5 3
444     3 4 4
445     3 3 3
446     5 3 2
447     5 3 3
448     3 3 4
449     2 3 5
450     4 2 5
451     3 2 3
452     3 4 3
453     3 3 5
454     3 3 4
455     2 2 4
456     3 2 3
457     4 3 4
458     5 2 4
459     3 4 4
460     4 5 2
461     3 4 4
462     2 3 5
463     4 2 4
464     3 5 3
465     4 3 4
466     5 3 3
467     4 4 3
468     3 5 3
469     3 3 4
470     4 3 3
471     2 2 3
472     4 3 2
473     2 4 5
474     5 4 2
475     4 4 0
476     4 2 5
477     4 4 3
478     4 3 4
479     2 5 1
480     3 3 5
481     4 2 5
482     4 3 4
483     2 3 3
484     2 3 5
485     4 3 4
486     3 4 4
487     3 4 3
488     2 4 4
489     5 4 2
490     3 4 2
491     4 4 3
492     2 2 4
493     3 1 4
494     2 2 4
495     2 4 3
496     4 2 4
497     3 4 4
498     3 4 4
499     2 4 5
500     4 4 3
501     3 4 4
502     5 2 4
503     4 4 3
504     3 2 3
505     2 3 2
506     2 3 4
507     3 4 4
508     5 3 3
509     4 3 3
510     5 3 3
511     2 3 3
512     3 5 3
513     4 2 5
514     2 2 4
515     2 4 5
516     3 4 4
517     2 5 4
518     4 3 4
519     4 5 2
520     4 3 4
521     3 4 4
522     2 4 4
523     6 2 3
524     5 3 3
525     3 4 4
526     3 4 4
527     3 3 3
528     3 4 2
529     4 2 4
530     3 4 3
531     4 3 3
532     5 2 4
533     3 4 4
534     4 4 2
535     1 4 3
536     4 3 4
537     4 4 2
538     3 4 3
539     4 4 2
540     3 4 3
541     3 5 3
542     3 4 4
543     3 2 5
544     4 5 2
545     3 2 5
546     2 4 2
547     5 2 4
548     4 4 3
549     4 3 4
550     5 3 3
551     3 4 4
552     1 4 3
553     3 2 4
554     3 3 5
555     5 3 3
556     2 2 4
557     3 4 2
558     5 2 2
559     3 4 4
560     3 4 4
561     4 3 4
562     3 4 4
563     3 4 4
564     2 4 5
565     3 4 2
566     2 3 5
567     3 3 2
568     5 3 2
569     4 4 2
570     4 5 2
571     4 4 3
572     4 3 3
573     2 4 2
574     5 3 2
575     3 4 2
576     3 4 4
577     2 5 4
578     4 3 4
579     2 2 4
580     4 4 2
581     2 4 4
582     2 5 2
583     4 2 3
584     2 2 3
585     2 4 5
586     2 4 4
587     2 3 6
588     3 3 4
589     4 5 2
590     5 2 4
591     3 5 3
592     4 2 4
593     4 4 3
594     3 2 6
595     3 5 2
596     2 5 4
597     4 2 4
598     3 4 1
599     4 3 4
600     5 2 4
601     4 4 3
602     5 1 4
603     4 4 2
604     4 4 3
605     3 5 3
606     3 5 2
607     2 3 6
608     4 2 3
609     3 4 4
610     4 4 3
611     5 1 5
612     3 3 2
613     4 4 3
614     3 3 4
615     5 2 3
616     4 4 2
617     4 2 5
618     1 5 5
619     3 5 2
620     3 3 4
621     2 4 3
622     4 4 2
623     3 3 4
624     2 4 2
625     5 3 3
626     4 5 2
627     5 1 4
628     3 4 4
629     4 4 1
630     3 3 5
631     3 3 4
632     3 5 3
633     2 2 4
634     4 3 4
635     4 4 3
636     2 3 1
637     3 4 4
638     5 0 3
639     2 3 4
640     3 2 5
641     4 5 2
642     3 4 4
643     4 3 4
644     2 2 5
645     5 2 3
646     5 3 3
647     4 4 2
648     3 3 3
649     5 4 2
650     1 4 3
651     4 5 2
652     3 4 4
653     4 3 4
654     4 3 3
655     4 4 2
656     5 4 2
657     5 3 3
658     4 4 3
659     3 5 3
660     4 1 5
661     4 5 2
662     2 5 3
663     6 1 2
664     5 4 2
665     3 4 3
666     4 4 3
667     3 3 5
668     4 6 1
669     3 4 4
670     4 4 3
671     2 4 3
672     5 2 1
673     5 3 3
674     4 2 2
675     3 2 5
676     3 3 3
677     1 4 4
678     4 3 4
679     2 5 4
680     3 5 3
681     3 3 4
682     2 3 3
683     4 3 4
684     3 5 3
685     5 1 5
686     3 4 4
687     2 4 4
688     5 2 3
689     2 4 4
690     2 4 3
691     4 3 4
692     5 4 2
693     2 4 3
694     2 5 4
695     4 5 2
696     2 3 3
697     4 4 3
698     3 4 4
699     3 4 4
700     4 2 5
701     1 5 4
702     4 2 4
703     3 4 3
704     2 4 5
705     3 4 4
706     5 3 3
707     4 5 2
708     4 4 3
709     2 2 2
710     5 2 3
711     3 3 5
712     2 4 4
713     2 2 3
714     3 2 6
715     3 4 3
716     4 3 3
717     3 4 4
718     4 3 1
719     4 2 4
720     2 5 3
721     3 2 3
722     2 5 2
723     4 4 2
724     5 3 3
725     4 3 4
726     3 2 5
727     4 5 2
728     4 2 3
729     3 4 4
730     4 3 2
731     4 2 5
732     4 3 3
733     4 3 3
734     2 3 2
735     5 3 3
736     4 4 3
737     3 2 5
738     3 4 3
739     4 4 3
740     3 4 3
741     4 3 3
742     4 4 2
743     3 4 3
744     4 4 3
745     4 4 2
746     2 5 3
747     2 3 2
748     4 2 3
749     2 5 4
750     2 4 3
751     4 3 4
752     2 4 3
753     5 3 3
754     4 4 3
755     4 3 3
756     4 4 3
757     2 4 5
758     2 4 3
759     2 4 4
760     3 4 3
761     2 6 3
762     4 4 3
763     4 4 2
764     4 4 2
765     4 3 3
766     3 2 4
767     5 3 3
768     5 3 3
769     2 4 5
770     4 3 3
771     3 2 5
772     4 3 3
773     5 3 3
774     4 3 4
775     4 4 2
776     2 5 4
777     4 4 3
778     5 3 3
779     2 4 4
780     5 3 3
781     3 1 6
782     3 4 4
783     2 5 3
784     3 3 5
785     4 3 4
786     2 5 4
787     5 2 4
788     4 4 3
789     5 3 3
790     2 4 3
791     3 4 3
792     2 3 4
793     3 3 2
794     4 4 3
795     3 5 3
796     2 5 3
797     3 2 6
798     2 4 4
799     4 3 3
800     3 5 3
801     3 3 3
802     4 3 4
803     4 4 3
804     4 3 4
805     4 2 5
806     3 4 4
807     4 4 3
808     4 3 3
809     4 3 4
810     2 3 3
811     5 3 3
812     3 3 3
813     3 4 4
814     5 2 4
815     4 2 4
816     3 4 3
817     4 4 2
818     4 1 4
819     3 3 5
820     5 0 3
821     3 4 4
822     4 3 2
823     2 3 4
824     2 1 6
825     5 3 3
826     5 2 4
827     2 3 3
828     4 3 3
829     4 3 3
830     2 4 4
831     3 4 3
832     2 5 4
833     4 1 5
834     2 2 2
835     3 3 5
836     4 2 4
837     3 3 3
838     2 3 4
839     3 3 3
840     3 5 3
841     3 4 4
842     4 3 3
843     5 4 2
844     5 4 2
845     4 2 4
846     2 3 4
847     4 5 2
848     3 4 3
849     2 3 4
850     3 4 4
851     5 4 2
852     4 1 5
853     3 5 3
854     2 3 2
855     2 4 4
856     4 1 5
857     4 3 4
858     5 3 3
859     4 2 4
860     4 4 3
861     5 4 2
862     2 3 4
863     4 5 1
864     2 3 4
865     4 3 2
866     4 4 3
867     2 6 2
868     3 4 3
869     4 3 2
870     3 5 3
871     2 5 4
872     5 4 2
873     4 3 4
874     3 2 3
875     3 3 5
876     2 4 2
877     3 5 3
878     4 2 4
879     4 4 3
880     3 3 2
881     6 2 3
882     2 4 4
883     2 4 5
884     3 4 4
885     2 4 5
886     3 4 4
887     0 6 4
888     3 5 3
889     1 5 5
890     4 5 2
891     4 1 4
892     3 2 3
893     4 4 3
894     3 4 3
895     5 3 3
896     4 4 2
897     4 4 3
898     4 3 2
899     3 4 4
900     5 4 2
901     4 4 3
902     4 5 1
903     3 4 2
904     5 2 4
905     3 5 2
906     4 3 4
907     3 4 3
908     3 3 4
909     3 5 3
910     3 3 2
911     3 4 4
912     3 4 4
913     2 3 3
914     5 3 3
915     3 2 3
916     3 5 1
917     3 4 3
918     3 5 3
919     4 3 2
920     3 4 4
921     3 5 3
922     5 3 3
923     2 4 3
924     3 4 3
925     3 4 2
926     3 3 4
927     4 2 3
928     3 3 5
929     3 5 3
930     3 4 4
931     2 2 5
932     5 5 1
933     3 3 3
934     2 4 3
935     1 4 4
936     3 4 3
937     4 2 4
938     3 3 4
939     2 3 6
940     4 4 3
941     5 3 2
942     4 3 3
943     3 4 4
944     6 2 3
945     4 2 3
946     4 4 2
947     2 5 3
948     3 5 3
949     3 3 5
950     4 4 2
951     2 2 4
952     2 2 4
953     3 3 2
954     4 2 4
955     3 4 4
956     4 6 1
957     4 4 2
958     2 4 5
959     4 1 5
960     3 3 3
961     5 3 2
962     2 5 4
963     4 1 4
964     3 5 3
965     3 3 5
966     2 4 3
967     3 5 3
968     4 3 3
969     5 2 2
970     3 3 4
971     2 3 3
972     3 3 1
973     2 5 4
974     2 2 4
975     4 4 3
976     3 2 4
977     4 3 2
978     4 4 3
979     4 3 3
980     3 4 3
981     3 4 4
982     3 4 4
983     2 4 4
984     4 4 3
985     3 3 5
986     5 2 4
987     3 4 4
988     4 3 3
989     5 4 2
990     4 4 3
991     5 2 3
992     4 2 3
993     4 5 2
994     3 5 1
995     4 3 1
996     2 2 3
997     5 1 5
998     3 4 4
999     3 3 5
1000     5 3 2
1001     3 3 3
1002     3 3 5
1003     2 2 7
1004     2 4 5
1005     3 2 5
1006     3 4 4
1007     3 4 4
1008     5 3 3
1009     3 2 3
1010     3 3 4
1011     2 5 3
1012     3 4 2
1013     4 1 3
1014     3 3 3
1015     4 2 3
1016     4 2 3
1017     3 3 5
1018     4 3 2
1019     3 4 1
1020     4 2 2
1021     3 3 2
1022     2 4 3
1023     5 2 3
1024     2 6 2
1025     3 2 5
1026     4 3 4
1027     3 5 3
1028     3 2 4
1029     0 4 4
1030     4 4 3
1031     3 3 3
1032     2 4 4
1033     3 5 1
1034     3 1 7
1035     3 2 5
1036     3 2 4
1037     4 3 2
1038     5 2 2
1039     3 3 4
1040     4 4 3
1041     3 5 2
1042     5 4 2
1043     4 3 4
1044     1 4 4
1045     3 3 4
1046     1 5 2
1047     4 4 3
1048     4 5 2
1049     4 4 3
1050     3 5 3
1051     4 4 3
1052     4 2 4
1053     1 3 4
1054     2 4 3
1055     2 3 3
1056     3 5 2
1057     3 4 4
1058     3 6 2
1059     2 3 3
1060     4 3 3
1061     5 2 4
1062     4 1 5
1063     3 3 4
1064     4 4 3
1065     2 4 4
1066     3 4 3
1067     2 4 4
1068     2 3 4
1069     4 2 4
1070     4 3 4
1071     3 2 3
1072     3 4 4
1073     4 2 5
1074     2 4 2
1075     4 4 2
1076     3 4 3
1077     3 3 5
1078     3 3 3
1079     3 3 5
1080     3 5 2
1081     3 5 3
1082     4 4 2
1083     5 2 4
1084     2 5 4
1085     4 3 3
1086     4 4 2
1087     3 1 5
1088     3 2 5
1089     2 5 3
1090     4 2 5
1091     3 2 2
1092     5 2 3
1093     4 2 4
1094     3 3 3
1095     1 3 4
1096     3 5 3
1097     3 3 2
1098     3 3 5
1099     2 5 3
1100     3 2 3
1101     4 3 3
1102     3 2 2
1103     2 5 3
1104     3 5 2
1105     5 3 3
1106     3 4 4
1107     1 4 3
1108     3 6 2
1109     4 4 3
1110     3 3 5
1111     1 3 4
1112     4 5 2
1113     3 5 2
1114     2 6 2
1115     4 2 4
1116     4 4 2
1117     4 5 2
1118     4 4 3
1119     1 2 3
1120     4 3 4
1121     4 3 4
1122     2 5 4
1123     4 5 2
1124     4 2 2
1125     2 5 3
1126     4 3 3
1127     5 2 3
1128     4 4 3
1129     3 4 2
1130     3 5 3
1131     3 3 4
1132     2 5 2
1133     4 3 4
1134     3 5 3
1135     2 6 2
1136     3 5 2
1137     4 4 3
1138     3 5 3
1139     4 3 2
1140     3 3 2
1141     3 4 4
1142     3 3 4
1143     4 2 5
1144     5 3 2
1145     2 4 2
1146     4 3 1
1147     3 4 3
1148     2 4 2
1149     4 3 3
1150     6 2 2
1151     3 5 3
1152     4 5 2
1153     4 4 2
1154     2 5 3
1155     2 4 4
1156     3 5 3
1157     2 5 3
1158     1 3 3
1159     4 3 3
1160     3 3 2
1161     3 3 4
1162     3 5 3
1163     2 5 4
1164     4 3 3
1165     1 4 3
1166     3 3 4
1167     3 4 4
1168     3 6 2
1169     3 2 5
1170     5 3 3
1171     4 4 3
1172     2 5 4
1173     3 4 4
1174     4 3 3
1175     4 1 3
1176     3 2 4
1177     4 3 1
1178     2 3 2
1179     4 3 4
1180     2 5 4
1181     2 3 4
1182     3 5 3
1183     3 3 3
1184     1 3 4
1185     5 2 4
1186     2 5 3
1187     3 4 4
1188     2 4 5
1189     4 4 1
1190     3 3 4
1191     3 2 5
1192     3 5 3
1193     4 4 3
1194     2 4 2
1195     3 2 5
1196     2 4 3
1197     2 3 6
1198     4 5 2
1199     5 1 5
1200     3 2 5
1201     5 3 3
1202     3 5 3
1203     3 3 5
1204     2 4 3
1205     2 2 2
1206     3 5 3
1207     2 3 4
1208     4 4 3
1209     4 4 3
1210     4 0 4
1211     1 3 5
1212     2 4 5
1213     4 3 3
1214     2 3 3
1215     6 2 3
1216     4 4 3
1217     2 2 4
1218     0 4 5
1219     4 4 3
1220     2 5 4
1221     3 4 4
1222     4 4 2
1223     4 3 4
1224     3 4 3
1225     4 4 2
1226     3 4 3
1227     2 3 3
1228     2 5 4
1229     3 6 2
1230     3 4 3
1231     3 2 5
1232     3 3 3
1233     2 3 2
1234     4 4 3
1235     4 3 2
1236     3 4 3
1237     1 5 2
1238     3 4 4
1239     4 4 3
1240     3 5 2
1241     2 2 5
1242     5 3 3
1243     2 5 4
1244     2 4 5
1245     3 5 2
1246     4 3 2
1247     3 2 3
1248     2 3 3
1249     3 3 5
1250     5 4 1
1251     4 4 3
1252     4 4 2
1253     2 4 5
1254     4 2 2
1255     5 3 3
1256     5 3 3
1257     3 4 3
1258     4 3 3
1259     5 4 2
1260     4 3 3
1261     2 5 3
1262     2 4 5
1263     4 2 4
1264     4 5 2
1265     5 3 3
1266     2 5 2
1267     3 5 3
1268     3 5 2
1269     2 5 3
1270     2 4 5
1271     3 4 4
1272     4 4 3
1273     4 4 2
1274     2 3 2
1275     2 4 2
1276     3 2 4
1277     2 5 3
1278     3 4 3
1279     4 2 4
1280     4 5 2
1281     3 4 3
1282     2 4 3
1283     2 4 5
1284     2 4 3
1285     4 5 2
1286     2 4 2
1287     3 5 3
1288     3 4 2
1289     2 5 3
1290     3 3 5
1291     2 3 5
1292     4 2 5
1293     3 5 2
1294     2 3 3
1295     4 4 2
1296     3 5 3
1297     3 5 3
1298     3 5 3
1299     3 4 4
1300     3 3 2
1301     4 4 2
1302     3 3 5
1303     3 5 1
1304     3 4 3
1305     4 4 3
1306     3 3 4
1307     3 3 3
1308     4 5 2
1309     2 4 3
1310     5 2 3
1311     4 2 4
1312     3 4 3
1313     5 4 2
1314     5 3 3
1315     2 3 4
1316     5 3 2
1317     2 4 4
1318     3 4 2
1319     2 2 4
1320     4 3 4
1321     3 4 4
1322     2 2 5
1323     3 3 4
1324     4 4 1
1325     3 4 4
1326     5 3 2
1327     3 3 2
1328     4 5 2
1329     3 4 3
1330     3 2 4
1331     2 4 4
1332     4 3 4
1333     3 1 4
1334     5 4 2
1335     4 4 3
1336     1 4 4
1337     4 3 4
1338     3 5 2
1339     3 3 5
1340     1 2 3
1341     4 2 4
1342     4 5 2
1343     5 2 4
1344     2 5 4
1345     4 4 3
1346     2 5 3
1347     3 3 4
1348     2 4 4
1349     3 3 5
1350     4 4 3
1351     3 2 5
1352     4 4 3
1353     3 4 2
1354     3 5 3
1355     2 2 4
1356     5 3 3
1357     3 5 3
1358     3 3 2
1359     2 4 4
1360     5 4 2
1361     4 3 3
1362     3 4 2
1363     4 4 3
1364     2 3 3
1365     3 4 4
1366     3 3 4
1367     5 2 4
1368     4 4 3
1369     5 3 3
1370     4 3 3
1371     4 3 3
1372     4 2 5
1373     4 4 2
1374     3 4 2
1375     0 4 5
1376     2 4 3
1377     3 3 4
1378     3 5 3
1379     4 3 2
1380     2 2 5
1381     2 5 4
1382     4 3 3
1383     5 3 3
1384     3 3 4
1385     3 4 4
1386     5 4 2
1387     3 5 1
1388     3 3 3
1389     4 4 2
1390     4 3 4
1391     5 2 4
1392     3 3 5
1393     4 5 2
1394     4 3 1
1395     4 4 3
1396     4 5 2
1397     2 4 2
1398     3 3 2
1399     2 4 5
1400     3 4 2
1401     5 4 2
1402     4 2 4
1403     2 3 5
1404     2 4 4
1405     3 4 4
1406     3 5 2
1407     3 4 3
1408     3 4 3
1409     5 2 3
1410     2 2 3
1411     3 3 3
1412     1 2 4
1413     2 4 5
1414     2 3 2
1415     4 4 3
1416     4 5 2
1417     3 5 3
1418     2 4 4
1419     4 4 3
1420     3 5 2
1421     4 3 4
1422     3 4 3
1423     2 6 2
1424     3 4 3
1425     6 2 2
1426     4 2 5
1427     4 2 4
1428     2 4 2
1429     5 4 2
1430     3 5 3
1431     2 3 4
1432     4 4 3
1433     2 5 3
1434     3 3 4
1435     2 4 4
1436     3 4 3
1437     3 4 4
1438     3 3 5
1439     3 0 5
1440     3 5 3
1441     3 3 4
1442     3 4 4
1443     3 3 1
1444     1 4 3
1445     2 4 5
1446     4 3 3
1447     4 3 3
1448     5 3 2
1449     3 2 5
1450     3 4 4
1451     4 4 3
1452     3 2 4
1453     2 5 4
1454     3 2 3
1455     3 3 5
1456     5 2 4
1457     4 4 3
1458     2 4 4
1459     2 4 3
1460     4 4 3
1461     2 5 3
1462     2 4 2
1463     3 3 4
1464     4 5 1
1465     2 5 4
1466     2 4 3
1467     4 2 5
1468     2 4 2
1469     3 4 4
1470     3 4 4
1471     1 3 5
1472     4 3 3
1473     1 4 6
1474     2 3 4
1475     3 4 4
1476     3 3 4
1477     4 4 2
1478     2 5 4
1479     3 3 5
1480     4 4 2
1481     4 3 4
1482     3 3 5
1483     2 3 5
1484     4 2 5
1485     2 3 4
1486     5 2 3
1487     4 5 2
1488     2 2 5
1489     3 4 4
1490     2 5 3
1491     3 4 4
1492     4 3 3
1493     2 1 3
1494     4 3 2
1495     4 3 4
1496     2 2 7
1497     3 2 5
1498     4 4 3
1499     4 3 4
1500     2 2 5
