1     4 2 2
2     5 0 3
3     4 2 2
4     1 3 4
5     4 3 1
6     5 2 1
7     3 2 3
8     3 2 3
9     2 3 3
10     3 2 3
11     1 4 3
12     3 2 3
13     3 3 2
14     2 3 3
15     3 3 2
16     3 2 3
17     3 2 3
18     4 0 4
19     7 0 1
20     1 4 3
21     2 3 3
22     4 2 2
23     3 3 2
24     3 2 3
25     4 2 2
26     4 1 3
27     3 1 4
28     5 1 2
29     1 5 2
30     3 3 2
31     2 2 4
32     2 5 1
33     4 2 2
34     0 5 3
35     3 1 4
36     2 2 4
37     2 2 4
38     5 1 2
39     3 3 2
40     3 3 2
41     1 2 5
42     2 5 1
43     3 2 3
44     3 4 1
45     4 2 2
46     3 2 3
47     4 2 2
48     2 3 3
49     4 2 2
50     4 2 2
51     3 1 4
52     5 0 3
53     3 4 1
54     2 2 4
55     3 1 4
56     4 1 3
57     2 3 3
58     2 2 4
59     4 3 1
60     3 1 4
61     1 5 2
62     3 2 3
63     2 4 2
64     2 3 3
65     4 2 2
66     3 2 3
67     2 2 4
68     2 3 3
69     3 2 3
70     2 5 1
71     3 2 3
72     3 3 2
73     2 3 3
74     3 1 4
75     4 2 2
76     3 2 3
77     2 3 3
78     1 3 4
79     3 3 2
80     2 4 2
81     3 3 2
82     5 0 3
83     3 3 2
84     2 3 3
85     2 3 3
86     1 5 2
87     2 4 2
88     2 4 2
89     2 2 4
90     3 3 2
91     5 1 2
92     3 2 3
93     2 2 4
94     3 2 3
95     2 3 3
96     2 3 3
97     1 4 3
98     1 4 3
99     3 3 2
100     2 3 3
101     2 2 4
102     1 3 4
103     4 2 2
104     3 2 3
105     2 2 4
106     3 3 2
107     2 3 3
108     5 1 2
109     4 2 2
110     1 4 3
111     3 3 2
112     2 1 5
113     3 3 2
114     2 2 4
115     5 1 2
116     3 1 4
117     2 3 3
118     4 1 3
119     2 2 4
120     1 2 5
121     2 0 6
122     4 3 1
123     2 3 3
124     4 0 4
125     0 4 4
126     1 3 4
127     3 3 2
128     3 2 3
129     4 3 1
130     2 1 5
131     1 2 5
132     3 2 3
133     4 1 3
134     2 3 3
135     2 4 2
136     2 4 2
137     3 4 1
138     2 2 4
139     4 0 4
140     3 2 3
141     3 2 3
142     4 1 3
143     6 0 2
144     4 2 2
145     3 2 3
146     3 1 4
147     2 4 2
148     3 3 2
149     1 5 2
150     5 0 3
151     2 3 3
152     4 2 2
153     2 1 5
154     2 1 5
155     4 0 4
156     4 1 3
157     2 2 4
158     4 0 4
159     2 3 3
160     3 3 2
161     2 4 2
162     2 3 3
163     3 3 2
164     2 3 3
165     2 3 3
166     4 2 2
167     4 3 1
168     3 3 2
169     2 5 1
170     1 3 4
171     2 4 2
172     3 2 3
173     4 2 2
174     1 2 5
175     2 4 2
176     1 4 3
177     2 3 3
178     2 3 3
179     4 2 2
180     2 4 2
181     3 2 3
182     4 3 1
183     3 4 1
184     2 2 4
185     1 4 3
186     2 6 0
187     4 1 3
188     1 3 4
189     4 2 2
190     3 4 1
191     1 3 4
192     3 3 2
193     2 5 1
194     3 2 3
195     3 3 2
196     4 3 1
197     3 2 3
198     1 3 4
199     2 4 2
200     3 4 1
201     3 2 3
202     2 0 6
203     2 1 5
204     3 4 1
205     3 4 1
206     3 4 1
207     4 1 3
208     3 3 2
209     3 3 2
210     5 1 2
211     4 1 3
212     2 4 2
213     5 2 1
214     2 4 2
215     4 2 2
216     5 2 1
217     1 3 4
218     4 2 2
219     5 3 0
220     2 1 5
221     4 0 4
222     1 3 4
223     3 3 2
224     1 3 4
225     2 3 3
226     3 3 2
227     2 3 3
228     2 2 4
229     4 2 2
230     5 1 2
231     2 2 4
232     2 1 5
233     1 4 3
234     0 4 4
235     2 4 2
236     2 3 3
237     3 2 3
238     1 2 5
239     2 3 3
240     4 2 2
241     3 1 4
242     4 2 2
243     1 4 3
244     3 2 3
245     1 4 3
246     2 3 3
247     2 5 1
248     3 2 3
249     4 1 3
250     1 4 3
251     3 2 3
252     4 2 2
253     2 4 2
254     2 3 3
255     2 1 5
256     3 1 4
257     2 3 3
258     2 4 2
259     3 1 4
260     2 2 4
261     1 3 4
262     4 2 2
263     2 1 5
264     3 1 4
265     3 2 3
266     3 2 3
267     3 3 2
268     2 3 3
269     3 2 3
270     3 4 1
271     5 0 3
272     2 3 3
273     4 2 2
274     1 3 4
275     3 4 1
276     4 1 3
277     3 2 3
278     3 5 0
279     3 2 3
280     3 4 1
281     2 3 3
282     3 0 5
283     3 2 3
284     3 2 3
285     1 3 4
286     3 4 1
287     3 3 2
288     2 5 1
289     3 3 2
290     2 4 2
291     3 3 2
292     3 3 2
293     2 2 4
294     0 4 4
295     3 2 3
296     3 3 2
297     5 1 2
298     2 4 2
299     3 4 1
300     2 4 2
301     4 3 1
302     2 4 2
303     2 1 5
304     3 3 2
305     2 3 3
306     4 2 2
307     2 4 2
308     4 3 1
309     3 2 3
310     2 4 2
311     3 2 3
312     4 1 3
313     0 4 4
314     1 3 4
315     2 3 3
316     2 2 4
317     2 3 3
318     1 3 4
319     4 2 2
320     3 4 1
321     3 2 3
322     2 3 3
323     1 4 3
324     3 1 4
325     4 2 2
326     3 3 2
327     4 0 4
328     2 3 3
329     3 2 3
330     1 4 3
331     3 3 2
332     4 1 3
333     3 0 5
334     3 1 4
335     2 4 2
336     2 3 3
337     3 3 2
338     4 1 3
339     4 1 3
340     1 4 3
341     1 4 3
342     4 3 1
343     4 2 2
344     2 3 3
345     2 5 1
346     2 2 4
347     3 4 1
348     4 1 3
349     2 3 3
350     2 2 4
351     3 3 2
352     2 2 4
353     2 4 2
354     3 2 3
355     4 2 2
356     5 2 1
357     1 3 4
358     1 4 3
359     2 3 3
360     2 4 2
361     1 4 3
362     3 2 3
363     2 3 3
364     2 2 4
365     2 4 2
366     3 3 2
367     4 2 2
368     5 1 2
369     2 2 4
370     2 2 4
371     2 2 4
372     3 3 2
373     2 3 3
374     3 2 3
375     5 2 1
376     2 1 5
377     5 1 2
378     4 2 2
379     1 5 2
380     3 2 3
381     3 3 2
382     2 3 3
383     5 1 2
384     3 1 4
385     1 4 3
386     2 2 4
387     3 3 2
388     2 2 4
389     1 4 3
390     3 2 3
391     2 2 4
392     2 2 4
393     1 3 4
394     3 1 4
395     2 0 6
396     4 1 3
397     2 2 4
398     4 2 2
399     2 5 1
400     3 4 1
401     3 2 3
402     5 2 1
403     2 4 2
404     3 2 3
405     2 3 3
406     2 2 4
407     2 4 2
408     2 4 2
409     2 3 3
410     2 3 3
411     2 5 1
412     3 2 3
413     3 1 4
414     3 1 4
415     4 2 2
416     3 0 5
417     5 2 1
418     2 2 4
419     1 4 3
420     3 2 3
421     4 0 4
422     3 3 2
423     3 2 3
424     3 1 4
425     2 3 3
426     1 4 3
427     4 1 3
428     3 3 2
429     3 3 2
430     3 2 3
431     4 2 2
432     2 2 4
433     1 1 6
434     3 4 1
435     2 2 4
436     2 4 2
437     4 2 2
438     3 3 2
439     6 0 2
440     5 2 1
441     2 2 4
442     2 4 2
443     2 4 2
444     3 4 1
445     5 2 1
446     4 2 2
447     2 4 2
448     4 3 1
449     4 2 2
450     2 4 2
451     2 3 3
452     4 1 3
453     3 3 2
454     4 3 1
455     2 4 2
456     2 4 2
457     0 5 3
458     1 5 2
459     4 2 2
460     4 2 2
461     2 3 3
462     3 3 2
463     1 3 4
464     2 5 1
465     3 2 3
466     3 2 3
467     0 4 4
468     2 2 4
469     4 2 2
470     2 3 3
471     4 2 2
472     2 4 2
473     2 4 2
474     2 4 2
475     4 1 3
476     2 2 4
477     3 3 2
478     4 2 2
479     4 4 0
480     4 2 2
481     1 3 4
482     1 3 4
483     0 4 4
484     2 4 2
485     3 0 5
486     2 3 3
487     4 2 2
488     4 0 4
489     3 2 3
490     2 3 3
491     4 1 3
492     3 2 3
493     4 2 2
494     3 2 3
495     2 4 2
496     2 3 3
497     3 2 3
498     3 3 2
499     4 2 2
500     1 4 3
