1     2 1 5
2     2 2 2
3     3 2 2
4     2 2 2
5     3 3 2
6     3 2 3
7     2 2 4
8     2 3 3
9     2 3 2
10     4 0 4
11     6 0 2
12     3 2 3
13     3 3 1
14     2 4 2
15     3 2 3
16     1 3 4
17     2 3 2
18     1 2 5
19     2 3 1
20     4 2 2
21     2 3 3
22     1 5 2
23     4 1 3
24     3 4 1
25     3 2 3
26     4 2 2
27     3 2 3
28     3 1 2
29     2 3 3
30     2 4 2
31     3 2 2
32     2 3 2
33     4 2 2
34     2 1 4
35     2 3 2
36     3 3 2
37     3 3 2
38     2 3 3
39     3 3 1
40     2 0 4
41     3 2 3
42     2 2 4
43     3 3 2
44     2 3 1
45     1 2 2
46     3 3 2
47     4 2 2
48     4 2 1
49     5 1 2
50     2 2 3
51     2 2 4
52     3 1 2
53     3 2 2
54     2 2 3
55     2 2 4
56     2 3 3
57     3 1 3
58     2 4 2
59     2 4 2
60     2 3 1
61     3 3 2
62     2 3 3
63     4 0 4
64     3 2 3
65     2 4 2
66     4 0 4
67     2 4 2
68     4 0 4
69     3 1 0
70     2 2 2
71     3 2 3
72     3 3 2
73     3 2 3
74     3 1 2
75     2 3 3
76     2 2 4
77     2 2 1
78     2 3 3
79     4 2 2
80     4 1 3
81     4 2 2
82     2 3 3
83     3 1 4
84     2 1 2
85     2 2 4
86     3 1 3
87     2 2 3
88     4 2 2
89     3 1 4
90     2 2 2
91     3 4 1
92     2 3 3
93     4 3 1
94     2 2 4
95     2 2 3
96     1 2 3
97     4 2 2
98     4 3 1
99     1 4 1
100     2 4 2
101     2 2 2
102     2 4 2
103     3 3 2
104     2 2 3
105     3 2 3
106     3 0 2
107     4 2 2
108     3 2 1
109     4 2 2
110     3 2 3
111     1 3 3
112     2 2 4
113     1 2 3
114     2 2 1
115     2 3 3
116     3 2 3
117     2 1 5
118     3 1 4
119     2 1 1
120     4 1 3
121     3 2 3
122     0 3 2
123     1 4 3
124     1 2 3
125     2 2 3
126     2 1 4
127     1 3 3
128     3 2 2
129     3 2 0
130     3 2 3
131     2 2 1
132     2 4 2
133     3 1 2
134     3 2 3
135     1 4 3
136     3 2 3
137     1 1 4
138     1 3 4
139     3 3 2
140     2 2 3
141     2 2 4
142     1 2 3
143     3 3 2
144     3 2 2
145     3 3 2
146     3 4 1
147     2 3 3
148     3 3 2
149     3 1 2
150     2 2 3
151     2 3 1
152     3 2 3
153     2 2 4
154     2 4 1
155     1 2 3
156     1 4 3
157     2 3 3
158     2 2 3
159     4 3 1
160     2 3 3
161     3 2 3
162     2 1 2
163     3 2 2
164     2 4 2
165     2 3 3
166     4 3 1
167     2 3 2
168     2 3 2
169     2 2 4
170     3 4 1
171     2 3 3
172     3 2 2
173     2 4 2
174     2 1 2
175     2 2 3
176     4 1 3
177     2 2 2
178     2 2 3
179     2 4 2
180     2 2 4
181     2 2 3
182     3 2 3
183     3 2 3
184     2 3 3
185     3 3 2
186     2 3 3
187     4 2 2
188     1 2 1
189     2 3 3
190     4 2 2
191     1 1 4
192     2 3 2
193     2 3 3
194     3 3 1
195     3 2 1
196     2 2 2
197     2 2 2
198     2 2 2
199     2 4 2
200     2 2 4
201     2 4 2
202     2 2 2
203     1 2 3
204     4 2 2
205     3 3 2
206     3 1 4
207     4 2 2
208     2 2 2
209     1 3 4
210     1 2 2
211     1 3 3
212     2 2 4
213     3 3 2
214     2 3 3
215     3 3 2
216     3 4 1
217     1 2 2
218     3 2 1
219     2 4 2
220     2 4 2
221     4 2 2
222     2 2 4
223     2 3 2
224     3 1 2
225     2 2 4
226     2 2 2
227     1 4 3
228     0 4 4
229     4 2 2
230     4 2 1
231     0 4 4
232     4 2 2
233     3 3 2
234     3 2 2
235     1 1 2
236     2 3 2
237     3 1 4
238     1 2 2
239     5 1 2
240     3 1 2
241     1 2 3
242     2 2 4
243     1 4 3
244     4 2 2
245     2 0 3
246     2 2 4
247     3 2 2
248     3 3 2
249     3 2 2
250     2 2 2
251     3 3 2
252     4 2 2
253     1 3 3
254     3 4 1
255     3 5 0
256     3 2 1
257     3 3 2
258     2 3 2
259     4 2 2
260     2 3 3
261     1 2 2
262     2 3 2
263     2 3 3
264     2 3 1
265     2 3 3
266     3 3 2
267     1 3 3
268     2 1 3
269     5 1 2
270     1 3 0
271     2 2 3
272     2 3 3
273     3 1 4
274     2 2 4
275     2 2 4
276     2 3 2
277     1 3 1
278     2 2 2
279     2 2 4
280     3 3 2
281     3 3 2
282     2 2 4
283     3 3 2
284     3 3 2
285     4 1 3
286     3 0 4
287     2 1 2
288     2 3 3
289     2 2 2
290     2 1 5
291     1 4 3
292     3 4 1
293     3 3 1
294     3 3 0
295     2 2 3
296     1 3 2
297     4 1 2
298     2 3 3
299     2 2 2
300     3 2 2
301     3 3 2
302     4 3 1
303     2 3 3
304     2 2 2
305     2 3 3
306     1 3 4
307     1 2 2
308     2 4 2
309     2 2 4
310     2 3 2
311     3 2 2
312     2 4 2
313     2 3 2
314     4 2 1
315     4 0 4
316     2 2 3
317     3 4 1
318     2 2 1
319     3 3 2
320     3 3 2
321     2 3 3
322     2 2 2
323     4 2 2
324     3 3 1
325     2 3 3
326     4 1 3
327     2 2 4
328     2 2 3
329     1 3 3
330     2 2 1
331     2 4 0
332     4 0 3
333     3 4 1
334     1 4 2
335     2 2 4
336     4 2 2
337     4 1 2
338     4 1 3
339     1 3 4
340     2 3 3
341     4 1 3
342     4 2 2
343     2 4 2
344     3 2 3
345     2 1 3
346     3 2 1
347     2 4 2
348     3 2 3
349     2 3 2
350     0 2 2
351     4 2 2
352     1 3 3
353     3 2 3
354     5 1 2
355     3 2 3
356     2 2 2
357     4 1 2
358     3 3 2
359     4 2 2
360     2 3 2
361     1 4 3
362     2 5 1
363     2 3 3
364     2 3 2
365     3 2 1
366     2 2 2
367     0 4 2
368     1 4 3
369     2 3 2
370     2 1 3
371     1 1 4
372     2 2 2
373     3 0 4
374     2 4 2
375     3 1 3
376     2 3 2
377     1 3 2
378     3 3 2
379     3 1 2
380     3 3 2
381     3 3 2
382     2 2 4
383     3 1 3
384     1 3 3
385     2 2 4
386     2 3 3
387     3 3 1
388     4 3 1
389     3 1 2
390     3 2 1
391     2 1 4
392     3 3 2
393     2 3 3
394     2 3 3
395     3 3 2
396     2 2 4
397     3 1 4
398     4 1 2
399     3 2 2
400     4 2 2
401     4 1 3
402     3 5 0
403     2 3 3
404     4 4 0
405     1 2 2
406     3 2 3
407     2 2 4
408     2 2 2
409     2 4 2
410     5 2 1
411     4 2 1
412     2 3 2
413     3 3 2
414     2 1 5
415     3 2 1
416     3 1 4
417     1 3 3
418     1 3 4
419     1 4 3
420     2 2 4
421     3 2 3
422     2 2 3
423     4 0 4
424     2 4 2
425     1 2 3
426     4 0 3
427     2 3 3
428     2 2 4
429     3 2 1
430     1 4 3
431     2 2 3
432     3 3 2
433     1 3 2
434     2 1 4
435     2 4 2
436     2 2 4
437     2 2 4
438     1 3 3
439     0 4 1
440     5 2 1
441     2 1 4
442     2 4 2
443     2 2 4
444     4 1 1
445     1 1 3
446     2 3 3
447     4 2 2
448     3 3 2
449     3 4 1
450     3 0 2
451     2 2 3
452     4 2 2
453     4 1 3
454     2 3 3
455     2 3 2
456     3 3 2
457     4 1 3
458     2 4 2
459     2 2 3
460     2 0 4
461     2 3 3
462     2 3 1
463     2 4 2
464     1 3 4
465     3 3 1
466     4 1 1
467     1 3 3
468     3 2 3
469     2 3 3
470     2 2 4
471     2 3 2
472     3 1 4
473     2 4 1
474     2 3 2
475     4 2 2
476     2 4 2
477     2 2 4
478     3 3 2
479     4 2 2
480     4 2 2
481     2 1 4
482     2 0 3
483     4 2 2
484     2 3 3
485     2 2 2
486     4 1 3
487     2 4 2
488     4 3 1
489     2 2 2
490     3 1 1
491     3 3 1
492     2 4 2
493     3 3 2
494     3 3 2
495     2 2 4
496     4 2 2
497     3 1 4
498     3 3 2
499     3 2 3
500     0 3 2
