1     6 0 2
2     2 2 4
3     3 3 2
4     3 1 3
5     3 2 2
6     2 2 4
7     4 2 2
8     3 3 2
9     4 2 2
10     2 3 2
11     3 3 2
12     2 4 2
13     4 1 3
14     2 3 3
15     2 3 1
16     4 3 1
17     2 3 3
18     2 2 2
19     2 4 2
20     4 2 2
21     1 3 3
22     3 3 2
23     1 2 4
24     3 3 2
25     2 4 2
26     1 3 1
27     4 0 4
28     4 2 2
29     3 1 4
30     3 1 4
31     2 3 1
32     2 2 4
33     2 2 4
34     2 1 5
35     0 5 3
36     3 2 3
37     0 4 4
38     2 2 3
39     3 3 2
40     2 3 3
41     2 3 3
42     1 3 4
43     3 3 2
44     3 1 4
45     2 3 2
46     3 2 2
47     2 2 2
48     3 0 4
49     3 1 4
50     2 3 3
51     3 1 3
52     3 3 2
53     2 3 3
54     2 2 2
55     2 2 2
56     2 3 3
57     2 1 4
58     3 2 2
59     3 2 2
60     3 3 2
61     2 1 3
62     2 2 2
63     2 1 2
64     4 3 1
65     4 1 3
66     4 3 1
67     3 4 1
68     4 1 3
69     4 3 1
70     2 2 4
71     3 2 2
72     2 3 2
73     2 1 2
74     3 3 1
75     1 1 2
76     3 2 2
77     2 3 3
78     3 3 2
79     2 5 1
80     1 1 4
81     4 1 3
82     2 4 2
83     4 2 2
84     4 2 2
85     3 4 1
86     3 2 3
87     2 2 4
88     1 3 4
89     2 2 2
90     2 3 3
91     4 2 2
92     3 4 1
93     1 3 2
94     1 2 3
95     1 4 3
96     2 2 3
97     3 2 1
98     4 2 2
99     3 1 1
100     5 1 2
101     2 2 3
102     3 2 1
103     1 2 3
104     1 4 3
105     2 4 2
106     4 2 2
107     4 2 2
108     3 0 2
109     2 2 1
110     4 1 3
111     2 3 2
112     1 4 3
113     1 4 1
114     3 2 2
115     3 2 3
116     3 2 2
117     3 2 3
118     2 4 2
119     1 3 2
120     2 4 2
121     3 1 2
122     4 1 2
123     4 1 3
124     3 2 3
125     2 4 2
126     2 3 3
127     3 2 3
128     4 0 2
129     1 3 4
130     1 3 4
131     3 3 2
132     3 0 5
133     4 2 1
134     2 3 3
135     2 2 2
136     4 1 3
137     2 2 2
138     2 2 4
139     2 3 2
140     3 3 2
141     1 2 3
142     2 3 3
143     2 3 2
144     2 4 2
145     2 4 2
146     2 3 2
147     3 0 5
148     2 4 2
149     2 1 4
150     3 2 2
151     2 5 1
152     1 2 2
153     3 3 2
154     3 2 3
155     1 3 3
156     2 2 2
157     3 1 4
158     2 2 2
159     1 2 3
160     3 3 2
161     1 3 4
162     2 2 4
163     2 2 4
164     2 3 3
165     3 2 3
166     2 3 2
167     2 2 3
168     1 2 2
169     2 3 3
170     2 3 3
171     3 2 2
172     4 1 3
173     2 3 3
174     5 2 1
175     3 2 2
176     4 2 2
177     4 2 2
178     3 3 2
179     2 2 4
180     1 4 3
181     3 4 1
182     3 2 3
183     3 2 3
184     2 2 4
185     4 0 4
186     3 3 2
187     1 4 3
188     2 2 3
189     4 1 2
190     4 1 2
191     2 3 2
192     1 4 3
193     4 0 4
194     1 3 4
195     4 2 2
196     4 2 2
197     3 1 3
198     3 3 2
199     2 4 2
200     3 3 2
201     3 4 1
202     2 2 4
203     2 4 2
204     2 2 4
205     2 3 2
206     1 2 2
207     2 4 2
208     2 2 2
209     1 3 3
210     4 2 2
211     2 2 4
212     3 3 2
213     2 3 3
214     2 3 2
215     2 2 4
216     2 4 2
217     3 3 2
218     3 3 2
219     3 1 3
220     1 3 4
221     2 1 4
222     4 2 2
223     3 3 1
224     4 2 2
225     3 1 2
226     6 0 2
227     2 4 2
228     1 2 3
229     2 3 1
230     3 2 3
231     4 2 2
232     2 2 4
233     3 1 2
234     2 4 2
235     2 2 1
236     4 2 2
237     4 0 4
238     1 2 2
239     2 3 3
240     2 2 4
241     2 2 4
242     2 3 3
243     2 3 3
244     2 2 2
245     2 4 2
246     2 4 2
247     2 2 4
248     3 2 3
249     3 2 2
250     2 2 4
251     1 4 2
252     1 3 4
253     2 4 2
254     3 1 4
255     4 2 2
256     3 3 1
257     2 3 2
258     3 2 3
259     4 2 2
260     4 1 2
261     3 2 2
262     2 4 2
263     1 6 1
264     3 1 3
265     2 2 4
266     2 3 3
267     1 3 2
268     3 3 2
269     2 1 2
270     4 1 3
271     2 3 3
272     2 2 2
273     1 4 3
274     4 2 2
275     3 2 1
276     2 1 3
277     2 2 4
278     3 4 1
279     2 3 3
280     3 3 2
281     3 3 1
282     1 5 2
283     3 3 2
284     2 2 3
285     1 4 3
286     2 4 2
287     2 2 4
288     2 3 2
289     2 1 3
290     3 2 2
291     1 2 2
292     2 2 3
293     4 2 2
294     4 1 3
295     3 2 2
296     3 3 2
297     2 2 2
298     1 4 3
299     3 3 1
300     3 2 1
301     2 4 2
302     3 2 1
303     2 3 3
304     1 2 2
305     2 4 2
306     2 3 2
307     3 1 4
308     2 4 2
309     3 2 3
310     3 0 4
311     2 4 2
312     3 3 2
313     1 2 3
314     3 3 2
315     3 3 0
316     2 2 4
317     2 4 2
318     4 2 2
319     1 1 6
320     2 3 3
321     2 2 4
322     2 2 3
323     4 1 3
324     1 2 2
325     2 2 3
326     3 1 4
327     3 3 2
328     3 2 1
329     2 3 3
330     3 3 2
331     4 1 3
332     2 3 1
333     3 4 1
334     2 4 2
335     4 2 2
336     2 2 2
337     4 2 2
338     2 4 2
339     0 2 6
340     2 4 2
341     2 4 2
342     2 4 2
343     2 3 2
344     4 3 1
345     3 1 4
346     4 1 3
347     2 1 3
348     1 3 3
349     2 3 2
350     2 2 4
351     3 2 2
352     1 3 2
353     4 2 2
354     2 2 3
355     3 2 3
356     4 4 0
357     2 4 2
358     2 3 3
359     4 0 3
360     2 2 2
361     3 2 3
362     4 3 1
363     2 3 3
364     1 2 2
365     2 3 3
366     3 1 2
367     4 2 2
368     2 2 4
369     5 2 1
370     2 4 2
371     2 2 3
372     2 2 4
373     2 2 3
374     3 1 4
375     2 3 3
376     1 3 4
377     1 2 2
378     3 2 2
379     2 3 2
380     4 2 2
381     3 2 3
382     1 3 4
383     2 2 3
384     3 2 3
385     2 4 2
386     2 3 3
387     4 2 2
388     2 3 3
389     1 3 1
390     3 2 2
391     5 1 2
392     3 4 1
393     3 1 2
394     3 3 2
395     2 2 4
396     1 3 4
397     2 2 2
398     1 4 3
399     1 3 4
400     3 3 2
401     2 2 1
402     1 3 4
403     2 4 2
404     2 2 1
405     3 2 3
406     2 2 4
407     2 4 2
408     3 3 2
409     3 2 3
410     4 2 2
411     2 4 2
412     4 4 0
413     2 3 2
414     3 2 3
415     1 3 3
416     4 0 4
417     3 3 2
418     2 3 1
419     2 1 2
420     2 3 3
421     1 3 2
422     3 3 2
423     2 4 0
424     3 3 2
425     3 3 1
426     3 2 1
427     2 2 4
428     2 4 1
429     3 2 3
430     2 3 1
431     2 2 4
432     3 4 1
433     3 1 4
434     2 2 3
435     3 3 1
436     2 2 3
437     2 4 2
438     3 2 3
439     2 3 3
440     2 0 3
441     1 4 2
442     3 3 2
443     2 1 5
444     1 2 3
445     1 2 5
446     2 3 3
447     2 1 5
448     3 0 4
449     1 2 3
450     2 2 2
451     3 2 3
452     2 2 4
453     2 3 2
454     2 3 1
455     4 2 2
456     2 3 2
457     3 1 4
458     2 4 2
459     2 2 0
460     3 2 3
461     0 4 4
462     4 3 1
463     2 2 2
464     3 2 1
465     2 3 3
466     2 2 4
467     2 3 2
468     3 3 2
469     4 2 2
470     2 3 3
471     3 1 4
472     3 3 2
473     4 1 3
474     2 3 3
475     1 2 3
476     2 3 2
477     2 3 1
478     1 4 3
479     3 1 3
480     1 2 3
481     1 2 4
482     2 2 4
483     4 2 2
484     4 2 2
485     4 4 0
486     4 4 0
487     3 2 2
488     2 2 2
489     3 3 2
490     4 2 2
491     3 2 3
492     3 2 2
493     1 3 4
494     2 3 3
495     1 3 2
496     2 2 4
497     2 3 3
498     2 4 2
499     2 3 2
500     2 4 2
501     1 1 4
502     3 3 2
503     3 0 4
504     2 4 2
505     3 0 2
506     3 3 1
507     3 2 3
508     4 2 2
509     3 3 2
510     2 2 1
511     2 2 4
512     3 4 1
513     2 3 3
514     2 3 3
515     4 2 2
516     2 3 3
517     3 1 2
518     1 1 4
519     3 1 2
520     3 2 3
521     1 3 3
522     4 3 1
523     2 3 2
524     1 2 5
525     2 2 3
526     4 2 2
527     3 2 3
528     2 3 3
529     2 3 2
530     1 3 2
531     3 3 2
532     4 1 2
533     0 3 4
534     3 2 1
535     2 2 2
536     2 2 2
537     2 2 4
538     1 3 3
539     1 3 3
540     3 1 2
541     2 1 5
542     2 2 3
543     3 1 3
544     2 4 2
545     3 4 1
546     2 3 2
547     3 1 2
548     3 2 1
549     1 2 5
550     2 2 4
551     3 4 1
552     2 3 2
553     3 4 1
554     2 1 4
555     2 3 2
556     4 2 2
557     2 4 2
558     2 1 3
559     2 1 3
560     2 1 3
561     2 4 1
562     2 3 2
563     3 4 1
564     2 2 4
565     1 3 4
566     4 1 3
567     2 3 1
568     3 3 2
569     2 3 2
570     3 2 3
571     3 2 3
572     2 4 2
573     1 3 3
574     2 2 4
575     2 3 3
576     3 1 3
577     3 2 3
578     2 3 3
579     3 2 3
580     2 4 2
581     2 3 3
582     1 4 3
583     2 4 0
584     2 3 3
585     4 1 3
586     3 0 4
587     4 3 1
588     1 2 3
589     2 1 2
590     5 1 2
591     4 2 2
592     2 2 2
593     2 4 2
594     1 2 2
595     2 4 2
596     4 2 2
597     3 2 3
598     0 5 3
599     5 1 2
600     3 3 2
601     0 3 4
602     3 3 2
603     2 2 3
604     3 2 0
605     4 1 3
606     3 4 0
607     2 4 2
608     4 2 2
609     2 4 2
610     3 1 4
611     1 4 3
612     3 3 2
613     3 4 1
614     3 4 1
615     4 2 2
616     3 3 2
617     4 2 2
618     2 3 1
619     3 3 2
620     2 2 3
621     4 2 2
622     3 1 2
623     2 0 4
624     2 5 1
625     3 1 4
626     3 2 2
627     4 2 2
628     3 3 2
629     3 2 2
630     4 3 1
631     2 1 4
632     3 4 1
633     1 4 3
634     1 3 3
635     2 1 3
636     0 4 1
637     1 3 2
638     3 3 2
639     2 4 2
640     1 2 2
641     3 0 2
642     2 1 5
643     2 2 4
644     3 3 2
645     3 2 2
646     2 4 2
647     4 2 2
648     2 2 4
649     2 2 3
650     2 2 4
651     2 2 4
652     3 2 3
653     3 2 0
654     3 1 2
655     2 1 3
656     2 4 2
657     4 0 2
658     2 2 3
659     4 1 3
660     2 2 4
661     3 3 2
662     3 2 3
663     2 3 3
664     2 2 2
665     1 3 4
666     1 3 2
667     2 3 2
668     3 3 2
669     4 2 2
670     4 2 2
671     4 3 0
672     2 3 1
673     2 2 4
674     2 3 3
675     5 0 1
676     3 3 2
677     2 4 2
678     2 3 2
679     3 2 1
680     4 2 2
681     4 0 4
682     3 3 2
683     1 4 1
684     2 1 4
685     3 1 4
686     2 4 2
687     2 4 2
688     2 3 3
689     1 4 1
690     4 1 2
691     2 3 1
692     2 4 0
693     2 1 2
694     4 1 1
695     1 3 2
696     1 3 2
697     3 4 1
698     4 3 1
699     3 2 3
700     2 2 3
701     3 4 1
702     3 2 3
703     1 4 3
704     2 4 2
705     3 3 2
706     3 2 2
707     2 3 2
708     4 2 2
709     2 3 3
710     3 4 1
711     3 4 1
712     3 2 2
713     3 1 2
714     4 2 2
715     4 2 2
716     3 2 1
717     3 2 3
718     2 2 3
719     4 2 2
720     1 5 2
721     4 3 1
722     2 3 2
723     3 2 3
724     2 2 4
725     2 3 2
726     2 4 2
727     2 4 2
728     2 4 1
729     1 4 3
730     1 4 3
731     1 4 3
732     3 2 3
733     2 3 3
734     3 1 2
735     3 2 3
736     2 3 3
737     2 3 3
738     1 2 3
739     5 2 1
740     2 3 3
741     2 3 0
742     3 1 4
743     2 2 3
744     1 3 4
745     2 4 2
746     4 2 1
747     2 3 3
748     2 4 2
749     1 3 2
750     4 2 2
751     1 2 2
752     2 3 2
753     1 2 2
754     2 3 3
755     4 2 2
756     3 4 0
757     1 3 2
758     2 2 2
759     4 2 2
760     2 2 4
761     2 3 3
762     2 4 2
763     5 0 3
764     3 3 2
765     3 2 3
766     4 1 2
767     1 2 3
768     5 0 3
769     4 2 2
770     6 1 1
771     4 1 3
772     2 4 2
773     3 3 0
774     2 1 2
775     3 2 3
776     3 2 1
777     2 2 1
778     3 3 2
779     2 3 3
780     2 2 4
781     0 4 3
782     3 2 3
783     4 2 2
784     1 3 3
785     4 3 1
786     2 1 3
787     4 3 1
788     2 2 4
789     1 0 6
790     2 2 3
791     3 4 1
792     0 5 3
793     2 3 3
794     2 2 4
795     3 2 1
796     2 4 2
797     2 4 2
798     0 4 3
799     2 4 2
800     2 1 2
801     3 4 0
802     4 1 3
803     3 4 1
804     1 3 4
805     2 3 1
806     2 3 3
807     0 5 3
808     2 5 1
809     1 4 3
810     2 3 3
811     1 4 3
812     2 2 4
813     2 4 2
814     1 3 2
815     2 4 2
816     2 2 4
817     3 2 1
818     5 1 0
819     3 2 3
820     2 2 2
821     3 1 4
822     2 1 2
823     2 2 3
824     2 2 3
825     3 1 4
826     4 1 2
827     2 2 4
828     1 2 3
829     4 2 1
830     2 3 3
831     2 4 2
832     2 2 2
833     3 4 1
834     3 2 3
835     3 2 2
836     2 0 4
837     2 2 4
838     1 5 0
839     2 4 2
840     4 1 1
841     3 3 2
842     0 4 4
843     2 3 3
844     2 4 2
845     3 3 2
846     4 4 0
847     4 2 2
848     3 2 3
849     2 2 1
850     3 3 2
851     1 2 2
852     1 3 2
853     2 3 2
854     1 4 3
855     4 1 3
856     4 2 2
857     4 3 1
858     4 1 2
859     1 4 3
860     2 4 2
861     3 4 1
862     4 1 2
863     2 3 3
864     2 2 4
865     3 3 2
866     1 3 2
867     4 2 2
868     1 2 4
869     2 4 1
870     2 3 1
871     2 5 1
872     1 4 3
873     0 2 3
874     2 5 1
875     2 2 3
876     3 1 4
877     2 2 4
878     2 2 4
879     4 2 2
880     4 2 2
881     0 3 4
882     5 1 2
883     2 4 2
884     4 2 2
885     1 2 3
886     1 3 4
887     1 3 4
888     2 4 2
889     1 3 1
890     2 2 1
891     1 2 4
892     2 4 2
893     3 1 4
894     3 2 3
895     2 4 1
896     2 2 2
897     0 3 3
898     0 3 2
899     3 1 4
900     4 0 4
901     1 2 3
902     3 0 3
903     0 7 1
904     3 3 1
905     2 3 1
906     1 3 4
907     2 4 1
908     2 2 4
909     1 3 4
910     2 2 2
911     3 3 2
912     1 2 3
913     2 1 3
914     4 1 2
915     2 2 4
916     2 4 2
917     3 2 0
918     2 0 4
919     2 3 3
920     4 2 2
921     3 1 3
922     3 2 3
923     3 2 2
924     3 4 1
925     2 4 2
926     2 2 4
927     5 2 1
928     2 0 4
929     2 1 5
930     3 3 2
931     0 4 2
932     2 2 4
933     1 2 1
934     2 3 3
935     1 4 2
936     3 1 3
937     3 2 3
938     4 4 0
939     2 2 1
940     3 2 3
941     2 2 4
942     2 3 2
943     4 1 3
944     1 3 4
945     3 2 2
946     3 2 3
947     3 4 1
948     4 2 1
949     1 2 4
950     2 3 2
951     4 0 4
952     3 3 2
953     2 3 3
954     1 3 4
955     2 3 3
956     3 3 1
957     1 2 5
958     4 1 3
959     3 2 3
960     3 4 1
961     3 0 2
962     4 2 2
963     0 3 3
964     4 4 0
965     0 3 3
966     1 3 4
967     4 2 2
968     4 1 3
969     2 1 5
970     4 0 3
971     2 3 3
972     3 4 1
973     1 4 2
974     1 3 4
975     3 0 2
976     3 3 1
977     2 2 2
978     4 2 2
979     2 3 1
980     2 3 3
981     2 3 1
982     2 3 1
983     2 5 1
984     2 3 3
985     3 2 1
986     1 4 3
987     4 2 2
988     0 4 3
989     2 4 2
990     3 4 1
991     1 3 4
992     3 3 2
993     2 2 4
994     2 0 4
995     2 2 4
996     1 3 4
997     1 3 4
998     3 2 0
999     3 2 3
1000     4 2 2
