1     3 3 2
2     2 2 3
3     2 2 4
4     3 2 3
5     2 1 4
6     1 3 4
7     2 4 2
8     2 3 3
9     4 3 1
10     1 4 2
11     3 2 2
12     4 0 4
13     2 3 2
14     2 2 4
15     3 1 2
16     4 1 3
17     2 2 3
18     2 4 2
19     3 1 2
20     2 3 3
21     2 3 3
22     4 3 1
23     2 3 3
24     1 4 3
25     2 2 1
26     3 3 2
27     2 4 2
28     1 4 3
29     4 1 1
30     2 3 2
31     3 3 2
32     3 4 1
33     4 1 3
34     4 1 3
35     2 3 1
36     2 2 4
37     3 2 3
38     3 1 4
39     1 4 3
40     2 2 4
41     1 1 6
42     3 2 3
43     3 1 4
44     4 2 2
45     3 2 3
46     3 2 2
47     2 3 3
48     4 2 2
49     2 1 4
50     2 3 3
51     4 2 2
52     4 2 2
53     2 2 3
54     2 5 1
55     2 2 2
56     3 1 4
57     2 3 3
58     2 0 3
59     2 3 3
60     4 2 2
61     3 1 4
62     2 4 2
63     1 3 3
64     4 2 1
65     4 3 1
66     2 3 1
67     4 2 2
68     2 3 3
69     2 4 2
70     2 3 1
71     1 1 1
72     0 4 4
73     4 0 3
74     3 2 3
75     3 3 2
76     3 2 1
77     3 2 3
78     3 3 2
79     3 2 2
80     3 2 3
81     2 3 3
82     4 1 2
83     3 2 3
84     3 3 2
85     5 2 1
86     3 3 2
87     3 1 4
88     4 2 2
89     2 4 1
90     3 3 2
91     1 4 3
92     1 4 2
93     3 3 2
94     2 2 3
95     2 2 4
96     2 3 3
97     2 2 4
98     3 2 2
99     2 2 4
100     3 1 2
101     2 4 2
102     3 2 2
103     2 2 3
104     2 1 3
105     4 2 2
106     3 3 2
107     3 2 3
108     2 2 2
109     2 3 2
110     2 4 2
111     1 3 3
112     4 2 2
113     1 4 3
114     2 2 2
115     1 3 4
116     2 3 3
117     2 2 4
118     3 2 2
119     1 2 3
120     2 3 2
121     3 3 2
122     3 2 2
123     3 3 2
124     2 2 2
125     4 3 1
126     2 3 1
127     3 2 2
128     2 3 2
129     3 3 2
130     2 2 1
131     2 2 3
132     4 3 1
133     3 3 2
134     4 2 1
135     3 2 3
136     1 3 2
137     2 1 3
138     2 4 2
139     5 0 3
140     3 2 3
141     2 2 2
142     3 2 3
143     1 4 2
144     3 2 3
145     5 1 2
146     2 2 4
147     2 2 3
148     2 2 3
149     2 3 3
150     2 3 2
151     5 0 2
152     3 3 2
153     2 2 3
154     1 3 3
155     3 1 4
156     3 2 3
157     2 2 3
158     2 4 2
159     3 3 1
160     4 2 2
161     3 2 3
162     2 1 4
163     2 1 2
164     2 3 2
165     2 4 2
166     2 3 3
167     3 1 2
168     3 2 2
169     1 2 3
170     3 2 1
171     2 3 3
172     2 1 4
173     2 2 1
174     2 4 2
175     3 2 3
176     2 4 2
177     2 3 3
178     1 4 2
179     3 1 3
180     2 2 4
181     2 4 2
182     3 3 2
183     1 2 2
184     2 2 2
185     2 3 3
186     1 3 3
187     2 1 3
188     2 4 2
189     3 2 2
190     2 2 4
191     2 1 5
192     3 3 1
193     3 3 2
194     1 1 4
195     4 2 2
196     3 2 3
197     3 2 3
198     3 1 4
199     3 2 2
200     3 2 1
201     1 2 2
202     2 4 2
203     5 0 3
204     4 2 2
205     2 3 3
206     3 2 2
207     3 1 2
208     3 3 2
209     2 2 3
210     4 2 2
211     4 3 1
212     1 4 3
213     2 3 3
214     2 2 2
215     2 5 1
216     4 2 2
217     2 3 2
218     3 2 2
219     3 3 2
220     2 3 1
221     4 4 0
222     3 2 2
223     3 2 3
224     3 2 2
225     3 2 3
226     2 2 4
227     1 4 3
228     1 3 4
229     2 2 3
230     3 2 3
231     2 4 2
232     3 4 1
233     1 2 3
234     2 0 4
235     4 2 2
236     2 2 4
237     1 2 4
238     2 3 3
239     1 2 2
240     2 4 2
241     2 3 3
242     2 4 2
243     3 3 2
244     2 2 3
245     1 4 3
246     3 2 1
247     3 1 4
248     5 2 1
249     3 3 2
250     2 4 1
251     1 3 2
252     2 1 3
253     3 2 2
254     2 1 5
255     4 2 2
256     2 3 3
257     3 1 4
258     2 2 4
259     1 1 3
260     2 0 4
261     3 3 2
262     2 0 4
263     2 2 4
264     2 2 4
265     3 4 1
266     3 0 2
267     3 2 1
268     1 3 3
269     4 3 1
270     1 3 0
271     2 3 3
272     4 2 2
273     2 3 3
274     3 3 2
275     3 4 1
276     4 3 1
277     2 2 3
278     4 2 2
279     1 2 2
280     2 2 4
281     2 3 3
282     3 4 1
283     2 2 3
284     2 4 2
285     2 2 1
286     2 3 3
287     2 3 2
288     2 2 4
289     3 4 0
290     3 2 3
291     3 3 2
292     3 1 2
293     3 0 3
294     5 1 2
295     2 2 4
296     4 2 2
297     3 3 2
298     2 3 3
299     3 4 1
300     2 3 3
301     2 4 2
302     4 1 3
303     4 1 2
304     3 2 3
305     2 2 2
306     4 2 2
307     2 3 1
308     2 4 2
309     2 3 3
310     2 4 2
311     3 2 2
312     0 3 3
313     2 3 3
314     3 3 2
315     3 2 2
316     2 2 2
317     2 4 2
318     2 2 3
319     3 3 2
320     3 2 3
321     2 2 1
322     2 2 4
323     1 4 3
324     3 3 1
325     2 3 3
326     3 2 3
327     1 3 4
328     3 2 1
329     2 2 3
330     2 2 4
331     2 1 4
332     3 3 2
333     3 2 3
334     4 1 1
335     1 2 3
336     2 3 3
337     3 1 3
338     2 4 2
339     3 2 3
340     2 3 2
341     2 3 3
342     4 1 3
343     2 2 4
344     2 2 3
345     3 2 3
346     2 3 3
347     2 2 3
348     2 3 3
349     2 2 3
350     3 3 2
351     2 2 3
352     3 3 1
353     2 3 3
354     2 2 4
355     2 1 3
356     2 3 2
357     2 3 1
358     2 2 4
359     1 3 4
360     4 2 1
361     2 3 3
362     2 3 3
363     2 3 3
364     2 4 2
365     3 1 2
366     4 2 2
367     1 2 3
368     3 3 2
369     2 2 4
370     2 2 4
371     4 2 2
372     2 2 2
373     4 2 2
374     2 2 4
375     3 0 4
376     3 2 3
377     2 2 4
378     5 0 3
379     1 3 2
380     3 1 4
381     2 2 2
382     2 3 0
383     2 3 2
384     3 3 2
385     2 2 4
386     1 4 1
387     2 3 3
388     1 4 3
389     2 4 2
390     2 2 4
391     2 3 3
392     0 3 4
393     2 4 2
394     2 1 2
395     2 3 3
396     2 3 3
397     4 2 2
398     2 1 3
399     3 2 2
400     4 2 2
401     3 1 4
402     4 1 3
403     2 4 2
404     3 2 1
405     2 4 2
406     4 2 2
407     2 2 3
408     1 2 2
409     3 3 2
410     2 4 2
411     3 1 2
412     1 2 2
413     2 2 1
414     2 2 2
415     2 3 3
416     2 4 2
417     3 2 3
418     3 4 1
419     2 3 3
420     2 3 2
421     4 2 2
422     2 1 4
423     3 2 1
424     2 2 4
425     2 2 4
426     3 3 2
427     3 3 2
428     2 4 2
429     2 2 2
430     3 4 1
431     4 2 2
432     3 2 3
433     2 3 3
434     4 1 3
435     2 4 2
436     2 3 3
437     1 3 4
438     3 3 2
439     0 3 3
440     1 3 2
441     2 3 1
442     1 4 2
443     3 2 1
444     4 2 2
445     5 0 3
446     2 3 2
447     3 3 2
448     3 3 1
449     4 1 3
450     2 2 2
451     2 3 3
452     1 3 3
453     4 2 2
454     4 2 2
455     1 5 0
456     0 2 6
457     1 3 2
458     3 0 2
459     3 2 1
460     4 2 2
461     3 4 1
462     3 0 4
463     2 3 1
464     2 2 4
465     1 3 3
466     2 2 3
467     4 1 2
468     2 3 2
469     0 4 3
470     1 3 4
471     3 3 2
472     2 3 3
473     0 3 2
474     2 3 2
475     3 4 1
476     3 2 3
477     4 2 2
478     2 3 0
479     3 2 3
480     4 2 2
481     2 2 4
482     2 3 3
483     2 3 2
484     4 1 3
485     1 3 2
486     4 2 2
487     3 3 2
488     2 4 2
489     2 3 1
490     3 2 1
491     3 2 3
492     3 3 2
493     1 4 3
494     4 2 2
495     2 2 2
496     1 4 3
497     4 2 2
498     2 2 1
499     1 3 4
500     2 3 3
